Block,0,0,BFD94DBB,0,1,1,4294967295,0,0
Block,0,32,EB0DC328,0,1,1,4294967295,0,0
Block,0,64,916D025F,0,1,1,4294967295,0,0
Block,0,96,DC75E21C,0,1,1,4294967295,0,0
Block,0,128,1738CCF5,0,1,1,4294967295,0,0
Block,0,160,8DB41C4E,0,1,1,4294967295,0,0
Block,0,192,6CB566C9,0,1,1,4294967295,0,0
Block,0,224,70A26246,0,1,1,4294967295,0,0
Block,0,256,8440D4DF,0,1,1,4294967295,0,0
Block,0,288,E648D21E,0,1,1,4294967295,0,0
Block,0,320,FE0521FE,0,1,1,4294967295,0,0
Block,0,352,DB210F1D,0,1,1,4294967295,0,0
Block,0,384,CC6ADD70,0,1,1,4294967295,0,0
Block,0,416,F109B35C,0,1,1,4294967295,0,0
Block,0,448,07234366,0,1,1,4294967295,0,0
Block,0,480,71E903EE,0,1,1,4294967295,0,0
Block,0,512,11DC189B,0,1,1,4294967295,0,0
Block,0,544,CE888159,0,1,1,4294967295,0,0
Block,0,576,12B882F2,0,1,1,4294967295,0,0
Block,32,288,FB4291EA,0,1,1,4294967295,0,0
Block,64,288,888D097D,0,1,1,4294967295,0,0
Block,96,288,0D24FD45,0,1,1,4294967295,0,0
Block,128,288,9EC24BE8,0,1,1,4294967295,0,0
Block,128,256,7DC6D560,0,1,1,4294967295,0,0
Block,32,320,AD552107,0,1,1,4294967295,0,0
Block,64,320,AD27C6DB,0,1,1,4294967295,0,0
Block,6368,288,0E6E1F6A,0,1,1,4294967295,0,0
Block,6336,288,A6C87E35,0,1,1,4294967295,0,0
Block,6304,288,5902A49F,0,1,1,4294967295,0,0
Block,6368,256,0B338CBD,0,1,1,4294967295,0,0
Block,6272,288,991A5732,0,1,1,4294967295,0,0
Block,6304,320,EA89357D,0,1,1,4294967295,0,0
Block,6336,320,A08D149B,0,1,1,4294967295,0,0
Block,6368,320,C428C2E2,0,1,1,4294967295,0,0
Block,6368,352,229346E0,0,1,1,4294967295,0,0
Block,6368,384,5900FAFE,0,1,1,4294967295,0,0
Block,6368,224,97E70436,0,1,1,4294967295,0,0
Block,6368,192,3330A4A5,0,1,1,4294967295,0,0
Block,6368,160,0F8CA907,0,1,1,4294967295,0,0
Block,6368,128,006B0B26,0,1,1,4294967295,0,0
Block,6368,96,95BB45BF,0,1,1,4294967295,0,0
Block,6368,64,403B50CA,0,1,1,4294967295,0,0
Block,6368,0,81EF0109,0,1,1,4294967295,0,0
Block,6368,32,5AA4FFEB,0,1,1,4294967295,0,0
Block,6368,416,1ABB7E56,0,1,1,4294967295,0,0
Block,6368,448,41B53FD1,0,1,1,4294967295,0,0
Block,6368,480,ABEB505B,0,1,1,4294967295,0,0
Block,6368,512,027179BC,0,1,1,4294967295,0,0
Block,6368,544,591CA94B,0,1,1,4294967295,0,0
Block,6368,576,ED09B7A2,0,1,1,4294967295,0,0
SaveHard,64,256,367F2177,0,1,1,4294967295,0,0
objFReturnConveyor,192,288,D186DFC2,0,1,1,4294967295,0,0
objFReturnConveyor,224,288,2F5B2F7C,0,1,1,4294967295,0,0
objFReturnConveyor,256,288,3EEA83D4,0,1,1,4294967295,0,0
objFReturnConveyor,288,288,ACCDFF0B,0,1,1,4294967295,0,0
objFReturnConveyor,320,288,D0FA0BB3,0,1,1,4294967295,0,0
objFReturnConveyor,352,288,205B4BFE,0,1,1,4294967295,0,0
objFReturnConveyor,384,288,3555643A,0,1,1,4294967295,0,0
objFReturnConveyor,416,288,3C49C12D,0,1,1,4294967295,0,0
objFReturnConveyor,448,288,53C5C0D9,0,1,1,4294967295,0,0
objFReturnConveyor,480,288,53E193B0,0,1,1,4294967295,0,0
objFReturnConveyor,512,288,0A8935C3,0,1,1,4294967295,0,0
objFReturnConveyor,544,288,DDD2B7C3,0,1,1,4294967295,0,0
objFReturnConveyor,576,288,89E18097,0,1,1,4294967295,0,0
objFReturnConveyor,608,288,16E88087,0,1,1,4294967295,0,0
objFReturnConveyor,640,288,0D576BAE,0,1,1,4294967295,0,0
objFReturnConveyor,672,288,D6162A3B,0,1,1,4294967295,0,0
objFReturnConveyor,1056,288,A87D5E71,0,1,1,4294967295,0,0
objFReturnConveyor,1024,288,1236D5E4,0,1,1,4294967295,0,0
objFReturnConveyor,992,288,73E4301B,0,1,1,4294967295,0,0
objFReturnConveyor,960,288,FD4E807E,0,1,1,4294967295,0,0
objFReturnConveyor,928,288,9E1CE0EE,0,1,1,4294967295,0,0
objFReturnConveyor,896,288,912041B0,0,1,1,4294967295,0,0
objFReturnConveyor,864,288,988B606F,0,1,1,4294967295,0,0
objFReturnConveyor,832,288,399197FD,0,1,1,4294967295,0,0
objFReturnConveyor,800,288,3E6A9073,0,1,1,4294967295,0,0
objFReturnConveyor,768,288,0C08DD6C,0,1,1,4294967295,0,0
objFReturnConveyor,736,288,70DD6AEB,0,1,1,4294967295,0,0
objFReturnConveyor,704,288,3DD5FDA3,0,1,1,4294967295,0,0
objFReturnConveyor,1088,288,54736CAA,0,1,1,4294967295,0,0
objFReturnConveyor,1120,288,7DEE90F4,0,1,1,4294967295,0,0
objFReturnConveyor,1152,288,07CE32B5,0,1,1,4294967295,0,0
objFReturnConveyor,1184,288,AFCAA706,0,1,1,4294967295,0,0
objFReturnConveyor,1216,288,939EE40C,0,1,1,4294967295,0,0
objFReturnConveyor,1248,288,1A8DB8FE,0,1,1,4294967295,0,0
objFReturnConveyor,1280,288,207A8E43,0,1,1,4294967295,0,0
objFReturnConveyor,1312,288,F0B0A710,0,1,1,4294967295,0,0
objFReturnConveyor,1344,288,96317C13,0,1,1,4294967295,0,0
objFReturnConveyor,1376,288,BB6FB346,0,1,1,4294967295,0,0
objFReturnConveyor,1408,288,A340C7DD,0,1,1,4294967295,0,0
objFReturnConveyor,1440,288,B5E23B5B,0,1,1,4294967295,0,0
objFReturnConveyor,1472,288,AD4DEB8B,0,1,1,4294967295,0,0
objFReturnConveyor,1504,288,66EBF575,0,1,1,4294967295,0,0
objFReturnConveyor,1536,288,0205E9CA,0,1,1,4294967295,0,0
objFReturnConveyor,1568,288,FE3B9CC4,0,1,1,4294967295,0,0
objFReturnConveyor,1952,288,41B5DCD2,0,1,1,4294967295,0,0
objFReturnConveyor,1920,288,9005238A,0,1,1,4294967295,0,0
objFReturnConveyor,1888,288,D6957664,0,1,1,4294967295,0,0
objFReturnConveyor,1856,288,2D715CF6,0,1,1,4294967295,0,0
objFReturnConveyor,1824,288,82F27BA5,0,1,1,4294967295,0,0
objFReturnConveyor,1792,288,4EBE1810,0,1,1,4294967295,0,0
objFReturnConveyor,1760,288,AE3DDF17,0,1,1,4294967295,0,0
objFReturnConveyor,1728,288,21080BE3,0,1,1,4294967295,0,0
objFReturnConveyor,1696,288,A8929A95,0,1,1,4294967295,0,0
objFReturnConveyor,1664,288,A475BF29,0,1,1,4294967295,0,0
objFReturnConveyor,1632,288,9F54DB3F,0,1,1,4294967295,0,0
objFReturnConveyor,1600,288,1C215446,0,1,1,4294967295,0,0
objFReturnConveyor,1984,288,8079AD43,0,1,1,4294967295,0,0
objFReturnConveyor,2016,288,65C61952,0,1,1,4294967295,0,0
objFReturnConveyor,2048,288,FAC41529,0,1,1,4294967295,0,0
objFReturnConveyor,2080,288,BAEA5B15,0,1,1,4294967295,0,0
objFReturnConveyor,2112,288,21B0DA60,0,1,1,4294967295,0,0
objFReturnConveyor,2144,288,94BA67B0,0,1,1,4294967295,0,0
objFReturnConveyor,2176,288,C28CB855,0,1,1,4294967295,0,0
objFReturnConveyor,2208,288,ECF0E1ED,0,1,1,4294967295,0,0
objFReturnConveyor,2240,288,46C4EE90,0,1,1,4294967295,0,0
objFReturnConveyor,2272,288,A12603D2,0,1,1,4294967295,0,0
objFReturnConveyor,2304,288,15D09542,0,1,1,4294967295,0,0
objFReturnConveyor,2336,288,1DFB43F5,0,1,1,4294967295,0,0
objFReturnConveyor,2368,288,85493488,0,1,1,4294967295,0,0
objFReturnConveyor,2400,288,7FC073E0,0,1,1,4294967295,0,0
objFReturnConveyor,2432,288,C54A1041,0,1,1,4294967295,0,0
objFReturnConveyor,2464,288,0A32B7CF,0,1,1,4294967295,0,0
objFReturnConveyor,2848,288,8927CFFE,0,1,1,4294967295,0,0
objFReturnConveyor,2816,288,2E17679B,0,1,1,4294967295,0,0
objFReturnConveyor,2784,288,8FAA7FD5,0,1,1,4294967295,0,0
objFReturnConveyor,2752,288,FFA8C084,0,1,1,4294967295,0,0
objFReturnConveyor,2720,288,C39D5399,0,1,1,4294967295,0,0
objFReturnConveyor,2688,288,7C3A8BED,0,1,1,4294967295,0,0
objFReturnConveyor,2656,288,13145B63,0,1,1,4294967295,0,0
objFReturnConveyor,2624,288,683DFCF8,0,1,1,4294967295,0,0
objFReturnConveyor,2592,288,8F1C3611,0,1,1,4294967295,0,0
objFReturnConveyor,2560,288,5823C7BB,0,1,1,4294967295,0,0
objFReturnConveyor,2528,288,EDD2239E,0,1,1,4294967295,0,0
objFReturnConveyor,2496,288,4F801426,0,1,1,4294967295,0,0
objFReturnConveyor,2880,288,1D6E5540,0,1,1,4294967295,0,0
objFReturnConveyor,2912,288,21AD3E02,0,1,1,4294967295,0,0
objFReturnConveyor,2944,288,8CA2F7BE,0,1,1,4294967295,0,0
objFReturnConveyor,2976,288,0CDBFBD4,0,1,1,4294967295,0,0
objFReturnConveyor,3008,288,96604DD1,0,1,1,4294967295,0,0
objFReturnConveyor,3040,288,B43B1DA7,0,1,1,4294967295,0,0
objFReturnConveyor,3072,288,2949697A,0,1,1,4294967295,0,0
objFReturnConveyor,3104,288,4968A232,0,1,1,4294967295,0,0
objFReturnConveyor,3136,288,F9754F90,0,1,1,4294967295,0,0
objFReturnConveyor,3168,288,4D03ADCA,0,1,1,4294967295,0,0
objFReturnConveyor,3200,288,13E0C24A,0,1,1,4294967295,0,0
objFReturnConveyor,3232,288,4F1C5307,0,1,1,4294967295,0,0
objFReturnConveyor,3264,288,3E144F6A,0,1,1,4294967295,0,0
objFReturnConveyor,3296,288,57237313,0,1,1,4294967295,0,0
objFReturnConveyor,3328,288,60F61BB9,0,1,1,4294967295,0,0
objFReturnConveyor,3360,288,647A3584,0,1,1,4294967295,0,0
objFReturnConveyor,3744,288,210CC7FF,0,1,1,4294967295,0,0
objFReturnConveyor,3712,288,DE791EF6,0,1,1,4294967295,0,0
objFReturnConveyor,3680,288,1E1ED262,0,1,1,4294967295,0,0
objFReturnConveyor,3648,288,AE12C765,0,1,1,4294967295,0,0
objFReturnConveyor,3616,288,696EF02E,0,1,1,4294967295,0,0
objFReturnConveyor,3584,288,2C715A0D,0,1,1,4294967295,0,0
objFReturnConveyor,3552,288,124267D1,0,1,1,4294967295,0,0
objFReturnConveyor,3520,288,4502A70D,0,1,1,4294967295,0,0
objFReturnConveyor,3488,288,837299C8,0,1,1,4294967295,0,0
objFReturnConveyor,3456,288,1B721BAC,0,1,1,4294967295,0,0
objFReturnConveyor,3424,288,18A07FB5,0,1,1,4294967295,0,0
objFReturnConveyor,3392,288,0C548D2A,0,1,1,4294967295,0,0
objFReturnConveyor,3776,288,12D613C0,0,1,1,4294967295,0,0
objFReturnConveyor,3808,288,A2815591,0,1,1,4294967295,0,0
objFReturnConveyor,3840,288,D5CCB08D,0,1,1,4294967295,0,0
objFReturnConveyor,3872,288,E8B04C01,0,1,1,4294967295,0,0
objFReturnConveyor,3904,288,715B94E9,0,1,1,4294967295,0,0
objFReturnConveyor,3936,288,8B925224,0,1,1,4294967295,0,0
objFReturnConveyor,3968,288,D25F35F8,0,1,1,4294967295,0,0
objFReturnConveyor,4000,288,7DACD182,0,1,1,4294967295,0,0
objFReturnConveyor,4032,288,C229D329,0,1,1,4294967295,0,0
objFReturnConveyor,4064,288,7C345C34,0,1,1,4294967295,0,0
objFReturnConveyor,4096,288,9147CBB8,0,1,1,4294967295,0,0
objFReturnConveyor,4128,288,7E6A7606,0,1,1,4294967295,0,0
objFReturnConveyor,4160,288,41AD1B55,0,1,1,4294967295,0,0
objFReturnConveyor,4192,288,EBD4D51C,0,1,1,4294967295,0,0
objFReturnConveyor,4224,288,6CF6D460,0,1,1,4294967295,0,0
objFReturnConveyor,4256,288,3CF9504F,0,1,1,4294967295,0,0
objFReturnConveyor,4640,288,0C798C65,0,1,1,4294967295,0,0
objFReturnConveyor,4608,288,7F9D8BAD,0,1,1,4294967295,0,0
objFReturnConveyor,4576,288,74E783A5,0,1,1,4294967295,0,0
objFReturnConveyor,4544,288,6927F0B9,0,1,1,4294967295,0,0
objFReturnConveyor,4512,288,DD75A752,0,1,1,4294967295,0,0
objFReturnConveyor,4480,288,4B650833,0,1,1,4294967295,0,0
objFReturnConveyor,4448,288,00D7714B,0,1,1,4294967295,0,0
objFReturnConveyor,4416,288,F57EDF39,0,1,1,4294967295,0,0
objFReturnConveyor,4384,288,92ECC005,0,1,1,4294967295,0,0
objFReturnConveyor,4352,288,C6E331C5,0,1,1,4294967295,0,0
objFReturnConveyor,4320,288,FFE817D9,0,1,1,4294967295,0,0
objFReturnConveyor,4288,288,6155B52B,0,1,1,4294967295,0,0
objFReturnConveyor,4672,288,0330E17A,0,1,1,4294967295,0,0
objFReturnConveyor,4704,288,D19747A0,0,1,1,4294967295,0,0
objFReturnConveyor,4736,288,48645426,0,1,1,4294967295,0,0
objFReturnConveyor,4768,288,7BB27377,0,1,1,4294967295,0,0
objFReturnConveyor,4800,288,AD19849D,0,1,1,4294967295,0,0
objFReturnConveyor,4832,288,B0B234CD,0,1,1,4294967295,0,0
objFReturnConveyor,4864,288,B7E8E8ED,0,1,1,4294967295,0,0
objFReturnConveyor,4896,288,6195F68F,0,1,1,4294967295,0,0
objFReturnConveyor,4928,288,1573D97C,0,1,1,4294967295,0,0
objFReturnConveyor,4960,288,24306E9B,0,1,1,4294967295,0,0
objFReturnConveyor,4992,288,F24609E6,0,1,1,4294967295,0,0
objFReturnConveyor,5024,288,C26E776A,0,1,1,4294967295,0,0
objFReturnConveyor,5056,288,98BFC216,0,1,1,4294967295,0,0
objFReturnConveyor,5088,288,0FDA4916,0,1,1,4294967295,0,0
objFReturnConveyor,5120,288,95B8ADEF,0,1,1,4294967295,0,0
objFReturnConveyor,5152,288,AABA296C,0,1,1,4294967295,0,0
objFReturnConveyor,5536,288,8A34C46A,0,1,1,4294967295,0,0
objFReturnConveyor,5504,288,E21961B1,0,1,1,4294967295,0,0
objFReturnConveyor,5472,288,128A51A2,0,1,1,4294967295,0,0
objFReturnConveyor,5440,288,45927BA1,0,1,1,4294967295,0,0
objFReturnConveyor,5408,288,F4CEF69B,0,1,1,4294967295,0,0
objFReturnConveyor,5376,288,8B4F9D69,0,1,1,4294967295,0,0
objFReturnConveyor,5344,288,D57F41F0,0,1,1,4294967295,0,0
objFReturnConveyor,5312,288,7FEEF78F,0,1,1,4294967295,0,0
objFReturnConveyor,5280,288,0B8F279B,0,1,1,4294967295,0,0
objFReturnConveyor,5248,288,2A7F93C3,0,1,1,4294967295,0,0
objFReturnConveyor,5216,288,0F5F5FB6,0,1,1,4294967295,0,0
objFReturnConveyor,5184,288,71515114,0,1,1,4294967295,0,0
objFReturnConveyor,5568,288,A5ACB38E,0,1,1,4294967295,0,0
objFReturnConveyor,5600,288,6D6881BF,0,1,1,4294967295,0,0
objFReturnConveyor,5632,288,CA68F0A6,0,1,1,4294967295,0,0
objFReturnConveyor,5664,288,B77D6BD8,0,1,1,4294967295,0,0
objFReturnConveyor,5696,288,96C2BE7A,0,1,1,4294967295,0,0
objFReturnConveyor,5728,288,31A670C6,0,1,1,4294967295,0,0
objFReturnConveyor,5760,288,241A4DA0,0,1,1,4294967295,0,0
objFReturnConveyor,5792,288,385120DC,0,1,1,4294967295,0,0
objFReturnConveyor,5824,288,A3C2ED83,0,1,1,4294967295,0,0
objFReturnConveyor,5856,288,F4A1C718,0,1,1,4294967295,0,0
objFReturnConveyor,5888,288,172F2FAA,0,1,1,4294967295,0,0
objFReturnConveyor,5920,288,3DF8A7AB,0,1,1,4294967295,0,0
objFReturnConveyor,5952,288,7DA289E3,0,1,1,4294967295,0,0
objFReturnConveyor,5984,288,7071D532,0,1,1,4294967295,0,0
objFReturnConveyor,6016,288,6183D665,0,1,1,4294967295,0,0
objFReturnConveyor,6048,288,8E2C2247,0,1,1,4294967295,0,0
objFReturnConveyor,6176,288,9A0E22C8,0,1,1,4294967295,0,0
objFReturnConveyor,6144,288,0F351E53,0,1,1,4294967295,0,0
objFReturnConveyor,6112,288,D599D695,0,1,1,4294967295,0,0
objFReturnConveyor,6080,288,29B9ADD0,0,1,1,4294967295,0,0
objWarpNext,6304,256,0F3F7FDE,0,1,1,4294967295,0,0
Camera,32,224,B41975B2,0,1,1,4294967295,0,1
objFReturnConveyor,6208,288,6A514AD9,0,1,1,4294967295,0,0
PlayerStart,32,256,6FBDCE61,0,1,1,4294967295,0,0
