Block,0,0,D65024B2,0,1,1,4294967295,0,0
Block,32,0,10E28D40,0,1,1,4294967295,0,0
Block,64,0,D80D0ADD,0,1,1,4294967295,0,0
Block,96,0,38C81935,0,1,1,4294967295,0,0
Block,128,0,EBC8578A,0,1,1,4294967295,0,0
Block,160,0,54BD17F0,0,1,1,4294967295,0,0
Block,192,0,4025BB41,0,1,1,4294967295,0,0
Block,224,0,86AE6199,0,1,1,4294967295,0,0
Block,256,0,2343C6F8,0,1,1,4294967295,0,0
Block,288,0,94FB6D3A,0,1,1,4294967295,0,0
Block,320,0,FA60C0CD,0,1,1,4294967295,0,0
Block,352,0,35542F98,0,1,1,4294967295,0,0
Block,384,0,DA76171C,0,1,1,4294967295,0,0
Block,416,0,CAF2EF31,0,1,1,4294967295,0,0
Block,448,0,568B4861,0,1,1,4294967295,0,0
Block,480,0,6D16B713,0,1,1,4294967295,0,0
Block,512,0,78E31A6D,0,1,1,4294967295,0,0
Block,544,0,C65E9EEA,0,1,1,4294967295,0,0
Block,576,0,71226DA6,0,1,1,4294967295,0,0
Block,608,0,2E5641DB,0,1,1,4294967295,0,0
Block,640,0,08C7DCEC,0,1,1,4294967295,0,0
Block,704,0,41E0407C,0,1,1,4294967295,0,0
Block,736,0,B680649D,0,1,1,4294967295,0,0
Block,768,0,51CD99B3,0,1,1,4294967295,0,0
Block,672,0,B10E7324,0,1,1,4294967295,0,0
Block,768,32,E9BD2EFF,0,1,1,4294967295,0,0
Block,768,64,E3CBAEC1,0,1,1,4294967295,0,0
Block,768,96,D3672BA0,0,1,1,4294967295,0,0
Block,768,128,6B531248,0,1,1,4294967295,0,0
Block,768,160,2643549A,0,1,1,4294967295,0,0
Block,768,192,22D6C736,0,1,1,4294967295,0,0
Block,768,224,4B76DB88,0,1,1,4294967295,0,0
Block,768,256,2D5B35C5,0,1,1,4294967295,0,0
Block,768,288,74005279,0,1,1,4294967295,0,0
Block,768,320,0E5286AB,0,1,1,4294967295,0,0
Block,768,352,47827D40,0,1,1,4294967295,0,0
Block,768,384,6C3B57D2,0,1,1,4294967295,0,0
Block,768,416,080C79C7,0,1,1,4294967295,0,0
Block,768,448,71AFBD05,0,1,1,4294967295,0,0
Block,768,480,49485AC1,0,1,1,4294967295,0,0
Block,768,512,1F02191D,0,1,1,4294967295,0,0
Block,768,544,2F6280B1,0,1,1,4294967295,0,0
Block,768,576,C3F75A15,0,1,1,4294967295,0,0
Block,0,32,B0E85CF5,0,1,1,4294967295,0,0
Block,0,64,89806D8F,0,1,1,4294967295,0,0
Block,0,96,CC923074,0,1,1,4294967295,0,0
Block,0,128,CC2485F4,0,1,1,4294967295,0,0
Block,0,160,DC9B33D6,0,1,1,4294967295,0,0
Block,0,192,6E6F1CFA,0,1,1,4294967295,0,0
Block,0,224,F9319440,0,1,1,4294967295,0,0
Block,0,256,750B9345,0,1,1,4294967295,0,0
Block,0,288,DAFD106F,0,1,1,4294967295,0,0
Block,0,320,A3E95C79,0,1,1,4294967295,0,0
Block,0,352,794C8E45,0,1,1,4294967295,0,0
Block,0,384,74F0E422,0,1,1,4294967295,0,0
Block,0,416,A9DFF88F,0,1,1,4294967295,0,0
Block,0,448,E8236EB0,0,1,1,4294967295,0,0
Block,0,480,14127ED5,0,1,1,4294967295,0,0
Block,0,512,AE331152,0,1,1,4294967295,0,0
Block,0,544,43694442,0,1,1,4294967295,0,0
Block,0,576,DFF19EFE,0,1,1,4294967295,0,0
objPartyButton,384,544,40797B97,0,1,1,4294967295,0,0
objPartyButton,288,544,5F3841F8,0,1,1,4294967295,0,0
objPartyButton,192,544,DF8132A3,0,1,1,4294967295,0,0
objPartyButton,96,544,C319FD7D,0,1,1,4294967295,0,0
objPartyButton,480,544,0FF2CA7E,0,1,1,4294967295,0,0
objPartyButton,576,544,CD845B59,0,1,1,4294967295,0,0
objPartyButton,672,544,29103320,0,1,1,4294967295,0,0
objPartyList,32,32,0002BDF2,0,1,1,4294967295,0,0
objGuyBlock,32,576,7689E51D,0,1,1,4294967295,0,0
objGuyBlock,64,576,8E89D32A,0,1,1,4294967295,0,0
objGuyBlock,96,576,B1031D41,0,1,1,4294967295,0,0
objGuyBlock,128,576,3B571625,0,1,1,4294967295,0,0
objGuyBlock,160,576,8D09ABF4,0,1,1,4294967295,0,0
objGuyBlock,192,576,E8686E83,0,1,1,4294967295,0,0
objGuyBlock,224,576,C5FD5199,0,1,1,4294967295,0,0
objGuyBlock,256,576,B7BDADD3,0,1,1,4294967295,0,0
objGuyBlock,288,576,A1B22756,0,1,1,4294967295,0,0
objGuyBlock,320,576,F19630BB,0,1,1,4294967295,0,0
objGuyBlock,352,576,2B3682C3,0,1,1,4294967295,0,0
objGuyBlock,384,576,87491FDA,0,1,1,4294967295,0,0
objGuyBlock,416,576,705CF510,0,1,1,4294967295,0,0
objGuyBlock,448,576,1A4284AA,0,1,1,4294967295,0,0
objGuyBlock,480,576,814A42B8,0,1,1,4294967295,0,0
objGuyBlock,512,576,D8EB5A99,0,1,1,4294967295,0,0
objGuyBlock,544,576,6DE24350,0,1,1,4294967295,0,0
objGuyBlock,576,576,D57991C2,0,1,1,4294967295,0,0
objGuyBlock,608,576,AC1EE612,0,1,1,4294967295,0,0
objGuyBlock,640,576,4914A51B,0,1,1,4294967295,0,0
objGuyBlock,672,576,D798F415,0,1,1,4294967295,0,0
objGuyBlock,704,576,44D5EA0D,0,1,1,4294967295,0,0
objGuyBlock,736,576,08C955AD,0,1,1,4294967295,0,0
PlayerStart,384,32,001F3CEC,0,1,1,4294967295,0,0
