SpikeUp,896,544,BA6691A4,0,1,1,4294967295,0,0
SpikeUp,928,544,D35248A8,0,1,1,4294967295,0,0
SpikeUp,960,544,E9ECD866,0,1,1,4294967295,0,0
SpikeUp,992,544,E7693A92,0,1,1,4294967295,0,0
SpikeUp,1024,544,CFAFA4F4,0,1,1,4294967295,0,0
SpikeUp,1056,544,89C1A4B0,0,1,1,4294967295,0,0
SpikeUp,1088,544,D7297912,0,1,1,4294967295,0,0
SpikeUp,1120,544,ABCCA572,0,1,1,4294967295,0,0
SpikeUp,1152,544,99CF5478,0,1,1,4294967295,0,0
SpikeUp,1184,544,F0A034BD,0,1,1,4294967295,0,0
SpikeUp,1216,544,1121B9A5,0,1,1,4294967295,0,0
SpikeUp,1248,544,A40857ED,0,1,1,4294967295,0,0
SpikeUp,1280,544,C509719B,0,1,1,4294967295,0,0
SpikeUp,1312,544,1EDF5B7F,0,1,1,4294967295,0,0
SpikeUp,1344,544,3EDADCA0,0,1,1,4294967295,0,0
SpikeUp,1376,544,8CBEC8B3,0,1,1,4294967295,0,0
SpikeUp,1408,544,7CAF00D9,0,1,1,4294967295,0,0
SpikeUp,1440,544,B7F2FC59,0,1,1,4294967295,0,0
SpikeUp,2528,544,5B074A05,0,1,1,4294967295,0,0
SpikeUp,2560,544,5914DDFF,0,1,1,4294967295,0,0
SpikeUp,2592,544,8070397F,0,1,1,4294967295,0,0
SpikeUp,2624,544,D1C889C8,0,1,1,4294967295,0,0
SpikeUp,2656,544,AF47F246,0,1,1,4294967295,0,0
SpikeUp,2688,544,A8F36559,0,1,1,4294967295,0,0
SpikeUp,2720,544,A0C5B331,0,1,1,4294967295,0,0
SpikeUp,2752,544,2DC3ECBD,0,1,1,4294967295,0,0
SpikeUp,2784,544,90F16051,0,1,1,4294967295,0,0
SpikeUp,2816,544,A47D6CAB,0,1,1,4294967295,0,0
SpikeUp,2848,544,1BB81451,0,1,1,4294967295,0,0
SpikeUp,2880,544,9D4E7E0B,0,1,1,4294967295,0,0
SpikeUp,2912,544,4AB42FCA,0,1,1,4294967295,0,0
SpikeUp,1888,32,E98B2860,0,1,1,4294967295,0,0
SpikeUp,1920,32,3D66E5CF,0,1,1,4294967295,0,0
SpikeUp,1952,32,FA12B87C,0,1,1,4294967295,0,0
SpikeUp,1984,32,B5C27D02,0,1,1,4294967295,0,0
SpikeUp,2016,32,E6E4FA94,0,1,1,4294967295,0,0
SpikeUp,2048,32,A49E7156,0,1,1,4294967295,0,0
SpikeUp,2080,32,96FA977D,0,1,1,4294967295,0,0
SpikeUp,2112,32,23C6DF31,0,1,1,4294967295,0,0
SpikeUp,1856,32,357C7DEB,0,1,1,4294967295,0,0
SpikeUp,1824,32,811C77AB,0,1,1,4294967295,0,0
SpikeUp,2144,32,8EC06625,0,1,1,4294967295,0,0
SpikeUp,2176,32,DF5D535E,0,1,1,4294967295,0,0
SpikeDown,3072,224,5C3D3285,0,1,1,4294967295,0,0
SpikeDown,3104,224,FF7FAA62,0,1,1,4294967295,0,0
SpikeDown,3136,224,41904540,0,1,1,4294967295,0,0
SpikeUp,128,544,BE0F6EE6,0,1,1,4294967295,0,0
SpikeUp,160,544,38C01825,0,1,1,4294967295,0,0
SpikeUp,192,544,652101AD,0,1,1,4294967295,0,0
SpikeUp,224,544,8AD04678,0,1,1,4294967295,0,0
SpikeUp,256,544,C11898F4,0,1,1,4294967295,0,0
SpikeUp,288,544,FA78782F,0,1,1,4294967295,0,0
Block,0,544,00271200,0,1,1,4294967295,0,0
Block,32,544,00206555,0,1,1,4294967295,0,0
Block,64,544,002AF14E,0,1,1,4294967295,0,0
Block,96,544,0035F64A,0,1,1,4294967295,0,0
Block,96,512,00182ADA,0,1,1,4294967295,0,0
Block,96,576,001EFC44,0,1,1,4294967295,0,0
Block,128,576,0014A174,0,1,1,4294967295,0,0
Block,160,576,000E4BC5,0,1,1,4294967295,0,0
Block,192,576,000A46BF,0,1,1,4294967295,0,0
Block,224,576,002EBB5C,0,1,1,4294967295,0,0
Block,256,576,0036FDBB,0,1,1,4294967295,0,0
Block,288,576,002BC5EA,0,1,1,4294967295,0,0
Block,320,576,00248BD0,0,1,1,4294967295,0,0
Block,352,576,7B2A385B,0,1,1,4294967295,0,0
Block,384,576,739B3618,0,1,1,4294967295,0,0
Block,416,576,6D390B83,0,1,1,4294967295,0,0
Block,448,576,A8C3282D,0,1,1,4294967295,0,0
Block,480,576,2E242DF8,0,1,1,4294967295,0,0
Block,512,576,3A090007,0,1,1,4294967295,0,0
Block,544,576,97C25DDE,0,1,1,4294967295,0,0
Block,576,576,7A0E3C85,0,1,1,4294967295,0,0
Block,608,576,7FE7F80B,0,1,1,4294967295,0,0
Block,640,576,697711DA,0,1,1,4294967295,0,0
Block,672,576,6F721CAC,0,1,1,4294967295,0,0
Block,704,576,AF4B04DF,0,1,1,4294967295,0,0
Block,736,576,2C9996F0,0,1,1,4294967295,0,0
Block,768,576,F2C4CD50,0,1,1,4294967295,0,0
Block,800,576,9B2F6FAB,0,1,1,4294967295,0,0
Block,832,576,EF0A2519,0,1,1,4294967295,0,0
Block,864,576,3C9CFC31,0,1,1,4294967295,0,0
Block,896,576,ACA6F50B,0,1,1,4294967295,0,0
Block,928,576,FD21B1A8,0,1,1,4294967295,0,0
Block,960,576,95717494,0,1,1,4294967295,0,0
Block,992,576,E2642724,0,1,1,4294967295,0,0
Block,1024,576,1E5D39B4,0,1,1,4294967295,0,0
Block,1056,576,EFE04519,0,1,1,4294967295,0,0
Block,1088,576,1E8E9416,0,1,1,4294967295,0,0
Block,1120,576,1BD5573A,0,1,1,4294967295,0,0
Block,1152,576,C3D09796,0,1,1,4294967295,0,0
Block,1184,576,E8F584B3,0,1,1,4294967295,0,0
Block,1216,576,7ADA98E9,0,1,1,4294967295,0,0
Block,1248,576,9CE4B4A1,0,1,1,4294967295,0,0
Block,1280,576,F6EDDB61,0,1,1,4294967295,0,0
Block,1312,576,F737FCE6,0,1,1,4294967295,0,0
Block,1344,576,A9B34CBB,0,1,1,4294967295,0,0
Block,1376,576,E8C58DA3,0,1,1,4294967295,0,0
Block,1440,576,C7FD315B,0,1,1,4294967295,0,0
Block,1472,576,47A0324F,0,1,1,4294967295,0,0
Block,1504,576,7F22E1AF,0,1,1,4294967295,0,0
Block,1568,576,99CC4599,0,1,1,4294967295,0,0
Block,1600,576,252F801B,0,1,1,4294967295,0,0
Block,1632,576,7B99F326,0,1,1,4294967295,0,0
Block,1664,576,73E6616B,0,1,1,4294967295,0,0
Block,1696,576,A5905773,0,1,1,4294967295,0,0
Block,1728,576,C53C20BF,0,1,1,4294967295,0,0
Block,1760,576,7369EFF0,0,1,1,4294967295,0,0
Block,1792,576,1C5817EB,0,1,1,4294967295,0,0
Block,1824,576,7CE54461,0,1,1,4294967295,0,0
Block,1856,576,5BC316B7,0,1,1,4294967295,0,0
Block,1920,576,77BCEF0E,0,1,1,4294967295,0,0
Block,1952,576,95A82BCE,0,1,1,4294967295,0,0
Block,1984,576,A7D1A39F,0,1,1,4294967295,0,0
Block,2016,576,3E0EF61A,0,1,1,4294967295,0,0
Block,1408,576,FB6BC0BE,0,1,1,4294967295,0,0
Block,1536,576,0BBF14F7,0,1,1,4294967295,0,0
Block,1888,576,AAEEE240,0,1,1,4294967295,0,0
Block,2048,576,FB8FA82A,0,1,1,4294967295,0,0
Block,2080,576,6CFD16DE,0,1,1,4294967295,0,0
Block,2112,576,6644C075,0,1,1,4294967295,0,0
Block,2144,576,C90BA938,0,1,1,4294967295,0,0
Block,2176,576,AF4370A7,0,1,1,4294967295,0,0
Block,2208,576,59BDF65F,0,1,1,4294967295,0,0
Block,2240,576,D1D91D10,0,1,1,4294967295,0,0
Block,2272,576,6AC77A43,0,1,1,4294967295,0,0
Block,2304,576,9A325948,0,1,1,4294967295,0,0
Block,2336,576,77E015CB,0,1,1,4294967295,0,0
Block,2368,576,9FFC16B3,0,1,1,4294967295,0,0
Block,2400,576,4E2B3239,0,1,1,4294967295,0,0
Block,2432,576,97F59C3B,0,1,1,4294967295,0,0
Block,2464,576,3A1F51E6,0,1,1,4294967295,0,0
Block,2496,576,DDA6C125,0,1,1,4294967295,0,0
Block,2528,576,07FA7B44,0,1,1,4294967295,0,0
Block,2560,576,FD58747B,0,1,1,4294967295,0,0
Block,2592,576,BBBD2AF9,0,1,1,4294967295,0,0
Block,2624,576,432E4C2D,0,1,1,4294967295,0,0
Block,2656,576,0A9D1F32,0,1,1,4294967295,0,0
Block,2720,576,1C66561F,0,1,1,4294967295,0,0
Block,2752,576,23D3BBB0,0,1,1,4294967295,0,0
Block,2784,576,D2CAC97B,0,1,1,4294967295,0,0
Block,2816,576,7037E427,0,1,1,4294967295,0,0
Block,2848,576,FF7BACFA,0,1,1,4294967295,0,0
Block,2880,576,3024AF3E,0,1,1,4294967295,0,0
Block,2912,576,C74370DB,0,1,1,4294967295,0,0
Block,2944,576,50C2E1CB,0,1,1,4294967295,0,0
Block,2976,576,CB02E51C,0,1,1,4294967295,0,0
Block,3008,576,CF2B2E17,0,1,1,4294967295,0,0
Block,3040,576,A76F91D9,0,1,1,4294967295,0,0
Block,3168,576,97B2F918,0,1,1,4294967295,0,0
Block,3136,576,F0A7B950,0,1,1,4294967295,0,0
Block,3104,576,530B0055,0,1,1,4294967295,0,0
Block,3072,576,7338A32A,0,1,1,4294967295,0,0
Block,2688,576,E4527E90,0,1,1,4294967295,0,0
Block,3168,352,E6E49454,0,1,1,4294967295,0,0
Block,3168,320,6A86CC22,0,1,1,4294967295,0,0
Block,3168,288,1CACE070,0,1,1,4294967295,0,0
Block,3040,352,7662C1A4,0,1,1,4294967295,0,0
Block,3040,320,4A16A4CC,0,1,1,4294967295,0,0
Block,3040,288,F5FA72BF,0,1,1,4294967295,0,0
Block,3040,256,4C8E879A,0,1,1,4294967295,0,0
Block,3168,256,2E1C5F08,0,1,1,4294967295,0,0
Block,3040,224,AAEAFA67,0,1,1,4294967295,0,0
Block,3040,192,EF7477CF,0,1,1,4294967295,0,0
Block,3040,160,1B62184A,0,1,1,4294967295,0,0
Block,3040,128,BCD48A28,0,1,1,4294967295,0,0
Block,3040,96,06104407,0,1,1,4294967295,0,0
Block,3040,64,B00D4B09,0,1,1,4294967295,0,0
Block,3040,32,0B71B5B1,0,1,1,4294967295,0,0
Block,3040,0,941B3FD6,0,1,1,4294967295,0,0
Block,2400,288,DE7AB8C9,0,1,1,4294967295,0,0
Block,2400,320,FD2F351E,0,1,1,4294967295,0,0
Block,2400,352,086B31FD,0,1,1,4294967295,0,0
Block,2368,352,E76D0163,0,1,1,4294967295,0,0
Block,2368,320,92D42327,0,1,1,4294967295,0,0
Block,2368,288,7367285A,0,1,1,4294967295,0,0
Block,2400,256,44D5620A,0,1,1,4294967295,0,0
Block,2368,256,6E1CA0BA,0,1,1,4294967295,0,0
Block,1888,64,5751220B,0,1,1,4294967295,0,0
Block,1920,64,BE1F2D22,0,1,1,4294967295,0,0
Block,1952,64,402C8190,0,1,1,4294967295,0,0
Block,1984,64,2B1CA8FE,0,1,1,4294967295,0,0
Block,2016,64,EF10198F,0,1,1,4294967295,0,0
Block,2048,64,F4AF79B4,0,1,1,4294967295,0,0
Block,2080,64,0556D7F6,0,1,1,4294967295,0,0
Block,2112,64,838D99A7,0,1,1,4294967295,0,0
Block,1824,64,52311AE7,0,1,1,4294967295,0,0
Block,1856,64,C1F2276F,0,1,1,4294967295,0,0
Block,2144,64,EA501209,0,1,1,4294967295,0,0
Block,2176,64,8B84EA7A,0,1,1,4294967295,0,0
Block,1888,96,BD2A07DA,0,1,1,4294967295,0,0
Block,1920,96,D424869C,0,1,1,4294967295,0,0
Block,1952,96,A73781C8,0,1,1,4294967295,0,0
Block,1984,96,5C43C29F,0,1,1,4294967295,0,0
Block,2016,96,1774D3F3,0,1,1,4294967295,0,0
Block,2048,96,87F819CA,0,1,1,4294967295,0,0
Block,2080,96,FEB44A7E,0,1,1,4294967295,0,0
Block,2112,96,06AC745B,0,1,1,4294967295,0,0
Block,3072,192,3381FDC4,0,1,1,4294967295,0,0
Block,3104,192,7D21DEC7,0,1,1,4294967295,0,0
Block,3136,192,0E82FE6D,0,1,1,4294967295,0,0
Block,3168,192,FE3484B9,0,1,1,4294967295,0,0
Block,3168,224,2FD26865,0,1,1,4294967295,0,0
Block,3200,352,46ED047E,0,1,1,4294967295,0,0
Block,3200,384,2F5DDEBE,0,1,1,4294967295,0,0
Block,3200,416,3F7CD39B,0,1,1,4294967295,0,0
Block,3200,448,15DD2FC1,0,1,1,4294967295,0,0
Block,3200,480,518BD059,0,1,1,4294967295,0,0
Block,3200,512,1A89C617,0,1,1,4294967295,0,0
Block,3200,544,3EEEC272,0,1,1,4294967295,0,0
Block,3200,576,5ECB1DC4,0,1,1,4294967295,0,0
Block,-32,544,E2AE9D8D,0,1,1,4294967295,0,0
Block,-32,512,D106F89A,0,1,1,4294967295,0,0
Block,-32,480,C5EA231C,0,1,1,4294967295,0,0
Block,-32,448,0E8C8DA4,0,1,1,4294967295,0,0
Block,-32,416,238969D9,0,1,1,4294967295,0,0
Block,-32,384,FF66599E,0,1,1,4294967295,0,0
Block,-32,352,A75C87B3,0,1,1,4294967295,0,0
Block,-32,320,A3D8F1E2,0,1,1,4294967295,0,0
Block,-32,288,54B6E4D0,0,1,1,4294967295,0,0
Block,-32,256,9CF3D7FB,0,1,1,4294967295,0,0
Block,-32,224,0A6FE12D,0,1,1,4294967295,0,0
Block,-32,192,2F7B0ADC,0,1,1,4294967295,0,0
Block,-32,160,712F3BFF,0,1,1,4294967295,0,0
Block,-32,128,D18B7202,0,1,1,4294967295,0,0
Block,-32,96,9B513BFB,0,1,1,4294967295,0,0
Block,-32,64,362151FF,0,1,1,4294967295,0,0
Block,-32,32,619DE2BE,0,1,1,4294967295,0,0
Block,-32,0,4312F2F3,0,1,1,4294967295,0,0
objRandFieldController,832,160,05CE340D,0,24,13,4294967295,0,1
objRandFieldController,1600,96,BA34EDD7,0,25,7,4294967295,0,1
objRandFieldController,448,496,A6DCF8E0,0,2,2,4278190335,0,1
objRandFieldController,960,432,89753903,0,2,2,4278190335,0,1
objRandFieldController,1120,432,1F921802,0,2,2,4278190335,0,1
objRandFieldController,1248,432,F09128A4,0,2,2,4278190335,0,1
objRandFieldController,1376,432,5D3A2011,0,2,2,4278190335,0,1
objRandFieldController,1664,432,07827C7D,0,2,2,4278190335,0,1
objRandFieldController,1792,432,CC9F2147,0,2,2,4278190335,0,1
objRandFieldController,1888,432,7E502876,0,2,2,4278190335,0,1
objRandFieldController,1984,432,F9595F06,0,2,2,4278190335,0,1
objRandFieldController,2080,432,E0E40631,0,2,2,4278190335,0,1
objRandFieldController,2208,432,E0DAE08E,0,4,2,4278190335,0,1
objRandFieldController,2560,432,79A19479,0,2,2,4278190335,0,1
objRandFieldController,2688,432,FA0583F7,0,2,2,4278190335,0,1
objRandFieldController,2848,432,CFF90178,0,2,2,4278190335,0,1
objRandFieldController,576,464,42AFCFB1,0,2,2,4278190335,0,1
objRandFieldController,704,496,E884BF0B,0,2,2,4278190335,0,1
VineLeft,3040,384,C2BFA866,0,1,1,4294967295,0,0
VineLeft,3040,288,C1032B3D,0,1,1,4294967295,0,0
VineLeft,3040,320,EB083578,0,1,1,4294967295,0,0
VineLeft,3040,352,B3E7172E,0,1,1,4294967295,0,0
VineLeft,3040,416,73B7E369,0,1,1,4294967295,0,0
VineRight,3168,288,BBAC8CEC,0,1,1,4294967295,0,0
VineRight,3168,320,7E6A9376,0,1,1,4294967295,0,0
VineRight,3168,352,05C6AD93,0,1,1,4294967295,0,0
VineRight,3168,384,02E66A83,0,1,1,4294967295,0,0
VineRight,3168,416,33D55179,0,1,1,4294967295,0,0
VineLeft,3040,256,6616274F,0,1,1,4294967295,0,0
VineLeft,3040,224,3E626EB1,0,1,1,4294967295,0,0
VineRight,3168,256,BA8081F5,0,1,1,4294967295,0,0
VineRight,3168,224,C6E6EC53,0,1,1,4294967295,0,0
objRandDestroyer,800,480,76DDAC52,0,3,3,4294967295,0,1
SaveHard,32,512,0038D62C,0,1,1,4294967295,0,0
objGuyBlock,2368,384,90719709,0,1,1,4294967295,0,0
objGuyBlock,2400,384,70FB8FD1,0,1,1,4294967295,0,0
objGuyBlock,2400,416,B0CA84B6,0,1,1,4294967295,0,0
objGuyBlock,2400,448,3CC28BCA,0,1,1,4294967295,0,0
objGuyBlock,2400,480,6E68C55F,0,1,1,4294967295,0,0
objGuyBlock,2368,416,16E8E576,0,1,1,4294967295,0,0
objGuyBlock,2368,448,009182B3,0,1,1,4294967295,0,0
objGuyBlock,2368,480,4120E173,0,1,1,4294967295,0,0
objGuyBlock,2368,512,8A1E6592,0,1,1,4294967295,0,0
objGuyBlock,2400,512,3EBF6F00,0,1,1,4294967295,0,0
objGuyBlock,2368,544,0F92BDF9,0,1,1,4294967295,0,0
objGuyBlock,2400,544,FCCE0C81,0,1,1,4294967295,0,0
objGuyBlock,2496,512,9DD6AA58,0,1,1,4294967295,0,0
objGuyBlock,2496,544,641A2C89,0,1,1,4294967295,0,0
objGuyBlock,2944,544,DD0B6D66,0,1,1,4294967295,0,0
objGuyBlock,2944,512,4CFD8B00,0,1,1,4294967295,0,0
objGuyBlock,2912,512,B371372C,0,1,1,4294967295,0,0
objGuyBlock,2880,512,6196FF9A,0,1,1,4294967295,0,0
objGuyBlock,2848,512,0B82E70C,0,1,1,4294967295,0,0
objGuyBlock,2816,512,0BEDE3AE,0,1,1,4294967295,0,0
objGuyBlock,2784,512,6CF7CDE2,0,1,1,4294967295,0,0
objGuyBlock,2752,512,C960487B,0,1,1,4294967295,0,0
objGuyBlock,2720,512,900CE3C4,0,1,1,4294967295,0,0
objGuyBlock,2688,512,018422A3,0,1,1,4294967295,0,0
objGuyBlock,2656,512,ACBB5152,0,1,1,4294967295,0,0
objGuyBlock,2624,512,FDBC6BFF,0,1,1,4294967295,0,0
objGuyBlock,2592,512,08D428DF,0,1,1,4294967295,0,0
objGuyBlock,2560,512,0FA52FE8,0,1,1,4294967295,0,0
objGuyBlock,2528,512,DE7C0579,0,1,1,4294967295,0,0
objGuyBlock,3040,384,9B7B196B,0,1,1,4294967295,0,0
objGuyBlock,3040,416,2090CE51,0,1,1,4294967295,0,0
objGuyBlock,3168,384,B7FB67A3,0,1,1,4294967295,0,0
objGuyBlock,3168,416,FF123E2F,0,1,1,4294967295,0,0
objGuyBlock,3168,448,FB8316B0,0,1,1,4294967295,0,0
objGuyBlock,3136,448,7D33EBB8,0,1,1,4294967295,0,0
objGuyBlock,3136,480,D2D0120A,0,1,1,4294967295,0,0
objGuyBlock,3168,480,4F1E8E9C,0,1,1,4294967295,0,0
objGuyBlock,3168,512,947C937D,0,1,1,4294967295,0,0
objGuyBlock,3136,512,B7E8F826,0,1,1,4294967295,0,0
objGuyBlock,3104,512,F8911F9E,0,1,1,4294967295,0,0
objGuyBlock,3104,544,A51DAAD5,0,1,1,4294967295,0,0
objGuyBlock,3136,544,C6B1B6B1,0,1,1,4294967295,0,0
objGuyBlock,3168,544,2854AD23,0,1,1,4294967295,0,0
objGuyBlock,320,512,AE5D1562,0,1,1,4294967295,0,0
objGuyBlock,320,544,4A16A72F,0,1,1,4294967295,0,0
objGuyBlock,352,544,D09D1F39,0,1,1,4294967295,0,0
objGuySpikeWall,320,576,002EBF39,0,1,1,4294967295,0,0
objGuyTrigger,384,256,97246842,0,1,10,4294967295,0,0
objWarpNext,3168,544,3ECCC72A,0,1,1,4294967295,0,1
PlayerStart,64,512,002605EB,0,1,1,4294967295,0,0
