bTilesBoshy,1584,480,16,0,16,16,0,1,1,4294967295
bTilesBoshy,1568,480,16,0,16,16,0,1,1,4294967295
bTilesBoshy,1552,480,16,0,16,16,0,1,1,4294967295
bTilesBoshy,1536,480,16,0,16,16,0,1,1,4294967295
bTilesBoshy,1520,480,16,0,16,16,0,1,1,4294967295
bTilesBoshy,1504,480,16,0,16,16,0,1,1,4294967295
bTilesBoshy,1488,480,16,0,16,16,0,1,1,4294967295
bTilesBoshy,1472,480,16,0,16,16,0,1,1,4294967295
bTilesBoshy,1456,480,16,0,16,16,0,1,1,4294967295
bTilesBoshy,1440,480,16,0,16,16,0,1,1,4294967295
bTilesBoshy,1424,480,16,0,16,16,0,1,1,4294967295
bTilesBoshy,1408,400,0,0,16,16,0,1,1,4294967295
bTilesBoshy,1408,416,0,16,16,16,0,1,1,4294967295
bTilesBoshy,1408,432,0,16,16,16,0,1,1,4294967295
bTilesBoshy,1408,448,0,16,16,16,0,1,1,4294967295
bTilesBoshy,1408,464,0,16,16,16,0,1,1,4294967295
bTilesBoshy,1408,480,0,16,16,16,0,1,1,4294967295
bTilesBoshy,1408,496,0,16,16,16,0,1,1,4294967295
bTilesBoshy,1408,512,0,16,16,16,0,1,1,4294967295
bTilesBoshy,1408,528,0,16,16,16,0,1,1,4294967295
bTilesBoshy,1408,544,32,0,16,16,0,1,1,4294967295
bTilesBoshy,1392,544,16,16,16,16,0,1,1,4294967295
bTilesBoshy,1376,544,16,16,16,16,0,1,1,4294967295
bTilesBoshy,1360,544,16,16,16,16,0,1,1,4294967295
bTilesBoshy,1344,544,16,16,16,16,0,1,1,4294967295
bTilesBoshy,1328,544,16,16,16,16,0,1,1,4294967295
bTilesBoshy,1312,544,16,16,16,16,0,1,1,4294967295
bTilesBoshy,1296,544,16,16,16,16,0,1,1,4294967295
bTilesBoshy,1280,544,16,16,16,16,0,1,1,4294967295
bTilesBoshy,1264,544,16,16,16,16,0,1,1,4294967295
bTilesBoshy,1248,544,16,16,16,16,0,1,1,4294967295
bTilesBoshy,1232,544,16,16,16,16,0,1,1,4294967295
bTilesBoshy,1216,544,16,16,16,16,0,1,1,4294967295
bTilesBoshy,1200,544,16,16,16,16,0,1,1,4294967295
bTilesBoshy,1184,544,16,16,16,16,0,1,1,4294967295
bTilesBoshy,1168,544,16,16,16,16,0,1,1,4294967295
bTilesBoshy,1152,544,16,16,16,16,0,1,1,4294967295
bTilesBoshy,1136,544,16,16,16,16,0,1,1,4294967295
bTilesBoshy,1120,544,16,16,16,16,0,1,1,4294967295
bTilesBoshy,1104,544,16,16,16,16,0,1,1,4294967295
bTilesBoshy,1088,544,16,16,16,16,0,1,1,4294967295
bTilesBoshy,1072,544,16,16,16,16,0,1,1,4294967295
bTilesBoshy,1056,544,16,16,16,16,0,1,1,4294967295
bTilesBoshy,1040,544,16,16,16,16,0,1,1,4294967295
bTilesBoshy,1024,544,16,16,16,16,0,1,1,4294967295
bTilesBoshy,1008,544,16,16,16,16,0,1,1,4294967295
bTilesBoshy,992,544,16,16,16,16,0,1,1,4294967295
bTilesBoshy,976,544,16,16,16,16,0,1,1,4294967295
bTilesBoshy,960,544,16,16,16,16,0,1,1,4294967295
bTilesBoshy,944,544,16,16,16,16,0,1,1,4294967295
bTilesBoshy,928,544,16,16,16,16,0,1,1,4294967295
bTilesBoshy,912,544,16,16,16,16,0,1,1,4294967295
bTilesBoshy,896,544,16,16,16,16,0,1,1,4294967295
bTilesBoshy,880,544,16,16,16,16,0,1,1,4294967295
bTilesBoshy,864,544,16,16,16,16,0,1,1,4294967295
bTilesBoshy,848,544,16,16,16,16,0,1,1,4294967295
bTilesBoshy,832,544,16,16,16,16,0,1,1,4294967295
bTilesBoshy,816,544,16,16,16,16,0,1,1,4294967295
bTilesBoshy,800,544,16,16,16,16,0,1,1,4294967295
bTilesBoshy,784,544,16,16,16,16,0,1,1,4294967295
bTilesBoshy,768,544,16,16,16,16,0,1,1,4294967295
bTilesBoshy,752,544,16,16,16,16,0,1,1,4294967295
bTilesBoshy,736,544,16,16,16,16,0,1,1,4294967295
bTilesBoshy,720,544,16,16,16,16,0,1,1,4294967295
bTilesBoshy,704,544,16,16,16,16,0,1,1,4294967295
bTilesBoshy,688,544,16,16,16,16,0,1,1,4294967295
bTilesBoshy,672,544,16,16,16,16,0,1,1,4294967295
bTilesBoshy,656,544,16,16,16,16,0,1,1,4294967295
bTilesBoshy,640,544,16,16,16,16,0,1,1,4294967295
bTilesBoshy,624,544,16,16,16,16,0,1,1,4294967295
bTilesBoshy,608,544,16,16,16,16,0,1,1,4294967295
bTilesBoshy,592,544,16,16,16,16,0,1,1,4294967295
bTilesBoshy,576,544,16,16,16,16,0,1,1,4294967295
bTilesBoshy,560,544,16,16,16,16,0,1,1,4294967295
bTilesBoshy,544,544,16,16,16,16,0,1,1,4294967295
bTilesBoshy,528,544,16,16,16,16,0,1,1,4294967295
bTilesBoshy,512,544,16,16,16,16,0,1,1,4294967295
bTilesBoshy,496,544,16,16,16,16,0,1,1,4294967295
bTilesBoshy,480,544,16,16,16,16,0,1,1,4294967295
bTilesBoshy,464,544,16,16,16,16,0,1,1,4294967295
bTilesBoshy,448,544,16,16,16,16,0,1,1,4294967295
bTilesBoshy,432,544,16,16,16,16,0,1,1,4294967295
bTilesBoshy,416,544,16,16,16,16,0,1,1,4294967295
bTilesBoshy,400,544,16,16,16,16,0,1,1,4294967295
bTilesBoshy,384,544,16,16,16,16,0,1,1,4294967295
bTilesBoshy,368,544,16,16,16,16,0,1,1,4294967295
bTilesBoshy,352,544,16,16,16,16,0,1,1,4294967295
bTilesBoshy,336,544,16,16,16,16,0,1,1,4294967295
bTilesBoshy,16,224,0,16,16,16,0,1,1,4294967295
bTilesBoshy,16,240,0,16,16,16,0,1,1,4294967295
bTilesBoshy,16,208,0,16,16,16,0,1,1,4294967295
bTilesBoshy,16,192,0,16,16,16,0,1,1,4294967295
bTilesBoshy,16,176,0,16,16,16,0,1,1,4294967295
bTilesBoshy,16,160,0,16,16,16,0,1,1,4294967295
bTilesBoshy,16,144,0,16,16,16,0,1,1,4294967295
bTilesBoshy,16,128,0,16,16,16,0,1,1,4294967295
bTilesBoshy,16,112,0,16,16,16,0,1,1,4294967295
bTilesBoshy,16,96,0,16,16,16,0,1,1,4294967295
bTilesBoshy,16,80,0,16,16,16,0,1,1,4294967295
bTilesBoshy,16,64,0,16,16,16,0,1,1,4294967295
bTilesBoshy,16,48,0,16,16,16,0,1,1,4294967295
bTilesBoshy,16,32,0,16,16,16,0,1,1,4294967295
bTilesBoshy,16,16,0,16,16,16,0,1,1,4294967295
bTilesBoshy,16,0,0,16,16,16,0,1,1,4294967295
bTilesBoshy,16,256,32,0,16,16,0,1,1,4294967295
bTilesBoshy,32,256,16,0,16,16,0,1,1,4294967295
bTilesBoshy,48,256,16,0,16,16,0,1,1,4294967295
bTilesBoshy,64,256,16,0,16,16,0,1,1,4294967295
bTilesBoshy,80,256,16,0,16,16,0,1,1,4294967295
bTilesBoshy,96,256,16,0,16,16,0,1,1,4294967295
bTilesBoshy,112,272,0,16,16,16,0,1,1,4294967295
bTilesBoshy,112,432,0,16,16,16,0,1,1,4294967295
bTilesBoshy,112,448,0,16,16,16,0,1,1,4294967295
bTilesBoshy,112,464,0,16,16,16,0,1,1,4294967295
bTilesBoshy,112,480,0,16,16,16,0,1,1,4294967295
bTilesBoshy,112,496,0,16,16,16,0,1,1,4294967295
bTilesBoshy,112,512,0,16,16,16,0,1,1,4294967295
bTilesBoshy,112,528,0,16,16,16,0,1,1,4294967295
bTilesBoshy,112,544,0,16,16,16,0,1,1,4294967295
bTilesBoshy,112,560,0,16,16,16,0,1,1,4294967295
bTilesBoshy,112,576,0,16,16,16,0,1,1,4294967295
bTilesBoshy,112,592,0,16,16,16,0,1,1,4294967295
bTilesBoshy,112,256,16,0,16,16,0,1,1,4294967295
bTilesBoshy,320,544,16,16,16,16,0,1,1,4294967295
bTilesBoshy,304,544,16,16,16,16,0,1,1,4294967295
bTilesBoshy,288,544,16,16,16,16,0,1,1,4294967295
bTilesBoshy,272,544,16,16,16,16,0,1,1,4294967295
bTilesBoshy,256,544,16,16,16,16,0,1,1,4294967295
bTilesBoshy,240,544,16,16,16,16,0,1,1,4294967295
bTilesBoshy,224,544,16,16,16,16,0,1,1,4294967295
bTilesBoshy,208,544,16,16,16,16,0,1,1,4294967295
bTilesBoshy,192,544,16,16,16,16,0,1,1,4294967295
bTilesBoshy,176,544,16,16,16,16,0,1,1,4294967295
bTilesBoshy,160,544,16,16,16,16,0,1,1,4294967295
bTilesBoshy,144,544,16,16,16,16,0,1,1,4294967295
bTilesBoshy,128,544,16,16,16,16,0,1,1,4294967295
bTilesBoshy,1392,496,32,16,16,16,0,1,1,4294967295
bTilesBoshy,1376,496,32,16,16,16,0,1,1,4294967295
bTilesBoshy,1360,496,32,16,16,16,0,1,1,4294967295
bTilesBoshy,1344,496,32,16,16,16,0,1,1,4294967295
bTilesBoshy,1328,496,32,16,16,16,0,1,1,4294967295
bTilesBoshy,1312,496,32,16,16,16,0,1,1,4294967295
bTilesBoshy,1296,496,32,16,16,16,0,1,1,4294967295
bTilesBoshy,1280,496,32,16,16,16,0,1,1,4294967295
bTilesBoshy,1264,496,32,16,16,16,0,1,1,4294967295
bTilesBoshy,1248,496,32,16,16,16,0,1,1,4294967295
bTilesBoshy,1232,496,32,16,16,16,0,1,1,4294967295
bTilesBoshy,1216,496,32,16,16,16,0,1,1,4294967295
bTilesBoshy,1200,496,32,16,16,16,0,1,1,4294967295
bTilesBoshy,1184,496,32,16,16,16,0,1,1,4294967295
bTilesBoshy,1168,496,32,16,16,16,0,1,1,4294967295
bTilesBoshy,1152,496,32,16,16,16,0,1,1,4294967295
bTilesBoshy,1136,496,32,16,16,16,0,1,1,4294967295
bTilesBoshy,1120,496,32,16,16,16,0,1,1,4294967295
bTilesBoshy,1104,496,32,16,16,16,0,1,1,4294967295
bTilesBoshy,1088,496,32,16,16,16,0,1,1,4294967295
bTilesBoshy,1072,496,32,16,16,16,0,1,1,4294967295
bTilesBoshy,1056,496,32,16,16,16,0,1,1,4294967295
bTilesBoshy,1040,496,32,16,16,16,0,1,1,4294967295
bTilesBoshy,1024,496,32,16,16,16,0,1,1,4294967295
bTilesBoshy,1008,496,32,16,16,16,0,1,1,4294967295
bTilesBoshy,992,496,32,16,16,16,0,1,1,4294967295
bTilesBoshy,976,496,32,16,16,16,0,1,1,4294967295
bTilesBoshy,960,496,32,16,16,16,0,1,1,4294967295
bTilesBoshy,944,496,32,16,16,16,0,1,1,4294967295
bTilesBoshy,928,496,32,16,16,16,0,1,1,4294967295
bTilesBoshy,912,496,32,16,16,16,0,1,1,4294967295
bTilesBoshy,896,496,32,16,16,16,0,1,1,4294967295
bTilesBoshy,880,496,32,16,16,16,0,1,1,4294967295
bTilesBoshy,864,496,32,16,16,16,0,1,1,4294967295
bTilesBoshy,848,496,32,16,16,16,0,1,1,4294967295
bTilesBoshy,832,496,32,16,16,16,0,1,1,4294967295
bTilesBoshy,816,496,32,16,16,16,0,1,1,4294967295
bTilesBoshy,800,496,32,16,16,16,0,1,1,4294967295
bTilesBoshy,784,496,32,16,16,16,0,1,1,4294967295
bTilesBoshy,768,496,32,16,16,16,0,1,1,4294967295
bTilesBoshy,752,496,32,16,16,16,0,1,1,4294967295
bTilesBoshy,736,496,32,16,16,16,0,1,1,4294967295
bTilesBoshy,720,496,32,16,16,16,0,1,1,4294967295
bTilesBoshy,704,496,32,16,16,16,0,1,1,4294967295
bTilesBoshy,688,496,32,16,16,16,0,1,1,4294967295
bTilesBoshy,672,496,32,16,16,16,0,1,1,4294967295
bTilesBoshy,656,496,32,16,16,16,0,1,1,4294967295
bTilesBoshy,640,496,32,16,16,16,0,1,1,4294967295
bTilesBoshy,544,496,32,16,16,16,0,1,1,4294967295
bTilesBoshy,560,496,32,16,16,16,0,1,1,4294967295
bTilesBoshy,576,496,32,16,16,16,0,1,1,4294967295
bTilesBoshy,592,496,32,16,16,16,0,1,1,4294967295
bTilesBoshy,608,496,32,16,16,16,0,1,1,4294967295
bTilesBoshy,624,496,32,16,16,16,0,1,1,4294967295
bTilesBoshy,528,496,32,16,16,16,0,1,1,4294967295
bTilesBoshy,512,496,32,16,16,16,0,1,1,4294967295
bTilesBoshy,496,496,32,16,16,16,0,1,1,4294967295
bTilesBoshy,480,496,32,16,16,16,0,1,1,4294967295
bTilesBoshy,464,496,32,16,16,16,0,1,1,4294967295
bTilesBoshy,448,496,32,16,16,16,0,1,1,4294967295
bTilesBoshy,432,496,32,16,16,16,0,1,1,4294967295
bTilesBoshy,416,496,32,16,16,16,0,1,1,4294967295
bTilesBoshy,400,496,32,16,16,16,0,1,1,4294967295
bTilesBoshy,384,496,32,16,16,16,0,1,1,4294967295
bTilesBoshy,368,496,32,16,16,16,0,1,1,4294967295
bTilesBoshy,352,496,32,16,16,16,0,1,1,4294967295
bTilesBoshy,336,496,32,16,16,16,0,1,1,4294967295
bTilesBoshy,320,496,32,16,16,16,0,1,1,4294967295
bTilesBoshy,304,496,32,16,16,16,0,1,1,4294967295
bTilesBoshy,288,496,32,16,16,16,0,1,1,4294967295
bTilesBoshy,272,496,32,16,16,16,0,1,1,4294967295
bTilesBoshy,256,496,32,16,16,16,0,1,1,4294967295
bTilesBoshy,240,496,32,16,16,16,0,1,1,4294967295
bTilesBoshy,224,496,32,16,16,16,0,1,1,4294967295
bTilesBoshy,208,496,32,16,16,16,0,1,1,4294967295
bTilesBoshy,192,496,32,16,16,16,0,1,1,4294967295
bTilesBoshy,176,496,32,16,16,16,0,1,1,4294967295
bTilesBoshy,160,496,32,16,16,16,0,1,1,4294967295
bTilesBoshy,144,496,32,16,16,16,0,1,1,4294967295
bTilesBoshy,128,496,32,16,16,16,0,1,1,4294967295
bTilesBoshy,112,416,0,16,16,16,0,1,1,4294967295
bTilesBoshy,112,400,0,16,16,16,0,1,1,4294967295
bTilesBoshy,112,384,0,16,16,16,0,1,1,4294967295
bTilesBoshy,112,368,0,16,16,16,0,1,1,4294967295
bTilesBoshy,112,352,0,16,16,16,0,1,1,4294967295
bTilesBoshy,112,336,0,16,16,16,0,1,1,4294967295
bTilesBoshy,112,320,0,16,16,16,0,1,1,4294967295
bTilesBoshy,112,304,0,16,16,16,0,1,1,4294967295
bTilesBoshy,112,288,0,16,16,16,0,1,1,4294967295
bTilesBoshy,192,224,32,0,16,16,0,1,1,4294967295
bTilesBoshy,192,208,0,16,16,16,0,1,1,4294967295
bTilesBoshy,192,192,0,16,16,16,0,1,1,4294967295
bTilesBoshy,192,176,0,16,16,16,0,1,1,4294967295
bTilesBoshy,192,160,0,16,16,16,0,1,1,4294967295
bTilesBoshy,192,144,0,16,16,16,0,1,1,4294967295
bTilesBoshy,192,128,0,16,16,16,0,1,1,4294967295
bTilesBoshy,192,112,0,16,16,16,0,1,1,4294967295
bTilesBoshy,192,96,0,16,16,16,0,1,1,4294967295
bTilesBoshy,192,80,0,16,16,16,0,1,1,4294967295
bTilesBoshy,192,64,0,16,16,16,0,1,1,4294967295
bTilesBoshy,192,48,0,16,16,16,0,1,1,4294967295
bTilesBoshy,192,32,0,16,16,16,0,1,1,4294967295
bTilesBoshy,192,16,0,16,16,16,0,1,1,4294967295
bTilesBoshy,192,0,0,16,16,16,0,1,1,4294967295
bTilesBoshy,192,-16,0,16,16,16,0,1,1,4294967295
