MiniSpikeUp,1408,384,3ED17771,0,1,1,4294967295,0,0
MiniSpikeUp,1392,528,E273E3BB,0,1,1,4294967295,0,0
MiniSpikeUp,1376,528,4DFA7A33,0,1,1,4294967295,0,0
MiniSpikeUp,1360,528,BB7C3AC6,0,1,1,4294967295,0,0
MiniSpikeUp,1344,528,05E39554,0,1,1,4294967295,0,0
MiniSpikeUp,1328,528,E0583072,0,1,1,4294967295,0,0
MiniSpikeUp,1312,528,A0A01C55,0,1,1,4294967295,0,0
MiniSpikeUp,1296,528,0DC7B2AB,0,1,1,4294967295,0,0
MiniSpikeUp,1280,528,A39EFC53,0,1,1,4294967295,0,0
MiniSpikeUp,1264,528,CEEA4B48,0,1,1,4294967295,0,0
MiniSpikeUp,1248,528,B9118B40,0,1,1,4294967295,0,0
MiniSpikeUp,1232,528,CAD04E97,0,1,1,4294967295,0,0
MiniSpikeUp,1216,528,162524DB,0,1,1,4294967295,0,0
MiniSpikeUp,1184,528,32A78F7E,0,1,1,4294967295,0,0
MiniSpikeUp,1200,528,9378DAD6,0,1,1,4294967295,0,0
MiniSpikeUp,1168,528,91FAB54B,0,1,1,4294967295,0,0
MiniSpikeUp,1152,528,0E70127C,0,1,1,4294967295,0,0
MiniSpikeUp,1136,528,6B6E8451,0,1,1,4294967295,0,0
MiniSpikeUp,1120,528,1AB6793D,0,1,1,4294967295,0,0
MiniSpikeUp,1104,528,AAB7F217,0,1,1,4294967295,0,0
MiniSpikeUp,1088,528,FEF35B6C,0,1,1,4294967295,0,0
MiniSpikeUp,1072,528,B2FF0229,0,1,1,4294967295,0,0
MiniSpikeUp,1056,528,0F758821,0,1,1,4294967295,0,0
MiniSpikeUp,1040,528,29DCD7A6,0,1,1,4294967295,0,0
MiniSpikeUp,1024,528,68091064,0,1,1,4294967295,0,0
MiniSpikeUp,1008,528,0D89BC2D,0,1,1,4294967295,0,0
MiniSpikeUp,992,528,D229C5A1,0,1,1,4294967295,0,0
MiniSpikeUp,976,528,EB5C7C3F,0,1,1,4294967295,0,0
MiniSpikeUp,960,528,65830482,0,1,1,4294967295,0,0
MiniSpikeUp,944,528,686C785D,0,1,1,4294967295,0,0
MiniSpikeUp,928,528,07CC7C51,0,1,1,4294967295,0,0
MiniSpikeUp,912,528,D65AD036,0,1,1,4294967295,0,0
MiniSpikeUp,896,528,2D2C8536,0,1,1,4294967295,0,0
MiniSpikeUp,880,528,3C1805E8,0,1,1,4294967295,0,0
MiniSpikeUp,864,528,A5226638,0,1,1,4294967295,0,0
MiniSpikeUp,848,528,6D4C460C,0,1,1,4294967295,0,0
MiniSpikeUp,832,528,6B497F98,0,1,1,4294967295,0,0
MiniSpikeUp,816,528,4D5D85E7,0,1,1,4294967295,0,0
MiniSpikeUp,800,528,D3B51CD3,0,1,1,4294967295,0,0
MiniSpikeUp,784,528,3BC50BDB,0,1,1,4294967295,0,0
MiniSpikeUp,768,528,DDF44F01,0,1,1,4294967295,0,0
MiniSpikeUp,128,528,A71CF352,0,1,1,4294967295,0,0
MiniSpikeUp,144,528,6DA97503,0,1,1,4294967295,0,0
MiniSpikeUp,160,528,377B5EFE,0,1,1,4294967295,0,0
MiniSpikeUp,176,528,13010E81,0,1,1,4294967295,0,0
MiniSpikeUp,192,528,D1767E1A,0,1,1,4294967295,0,0
MiniSpikeUp,208,528,0FDB253B,0,1,1,4294967295,0,0
MiniSpikeUp,224,528,D171A898,0,1,1,4294967295,0,0
MiniSpikeUp,240,528,6DDC5459,0,1,1,4294967295,0,0
MiniSpikeUp,256,528,7DDC2F2E,0,1,1,4294967295,0,0
MiniSpikeUp,272,528,38DE5F45,0,1,1,4294967295,0,0
MiniSpikeUp,288,528,A3FF87CA,0,1,1,4294967295,0,0
MiniSpikeUp,304,528,F1BA7751,0,1,1,4294967295,0,0
MiniSpikeUp,320,528,A7AE706A,0,1,1,4294967295,0,0
MiniSpikeUp,336,528,59EEA57E,0,1,1,4294967295,0,0
MiniSpikeUp,352,528,B2477DA2,0,1,1,4294967295,0,0
MiniSpikeUp,368,528,E5671CB4,0,1,1,4294967295,0,0
MiniSpikeUp,384,528,C4BFA695,0,1,1,4294967295,0,0
MiniSpikeUp,400,528,96019678,0,1,1,4294967295,0,0
MiniSpikeUp,416,528,4E022539,0,1,1,4294967295,0,0
MiniSpikeUp,432,528,D1979651,0,1,1,4294967295,0,0
MiniSpikeUp,448,528,A5012A83,0,1,1,4294967295,0,0
MiniSpikeUp,464,528,E5F3E197,0,1,1,4294967295,0,0
MiniSpikeUp,480,528,0F035095,0,1,1,4294967295,0,0
MiniSpikeUp,496,528,A178F54E,0,1,1,4294967295,0,0
MiniSpikeUp,512,528,35A59AE2,0,1,1,4294967295,0,0
MiniSpikeUp,528,528,2E091067,0,1,1,4294967295,0,0
MiniSpikeUp,544,528,FA43C598,0,1,1,4294967295,0,0
MiniSpikeUp,560,528,A120B820,0,1,1,4294967295,0,0
MiniSpikeUp,576,528,E7FE7E70,0,1,1,4294967295,0,0
MiniSpikeUp,592,528,FA514F04,0,1,1,4294967295,0,0
MiniSpikeUp,608,528,5CF66F3F,0,1,1,4294967295,0,0
MiniSpikeUp,624,528,423AEE06,0,1,1,4294967295,0,0
MiniSpikeUp,640,528,7B9E70B5,0,1,1,4294967295,0,0
MiniSpikeUp,656,528,D7A007F2,0,1,1,4294967295,0,0
MiniSpikeUp,672,528,BE842237,0,1,1,4294967295,0,0
MiniSpikeUp,688,528,A41E318E,0,1,1,4294967295,0,0
MiniSpikeUp,704,528,EB286465,0,1,1,4294967295,0,0
MiniSpikeUp,720,528,14849D57,0,1,1,4294967295,0,0
MiniSpikeUp,736,528,21941884,0,1,1,4294967295,0,0
MiniSpikeUp,752,528,BCE9DC8F,0,1,1,4294967295,0,0
MiniSpikeDown,192,240,083B8AE2,0,1,1,4294967295,0,0
Block,0,0,B3D92739,0,1,12.5,4294967295,0,0
Block,0,256,B14E572D,0,4,11,4294967295,0,0
Block,128,544,6D2BED67,0,40.5,0.5,4294967295,0,0
Block,1408,400,E922EC76,0,0.5,4.5,4294967295,0,0
Block,1424,480,2C654C2B,0,5.5,1,4294967295,0,0
Block,192,-16,396ABD83,0,0.5,8,4294967295,0,0
Block,1600,0,3C915AB1,0,1,16,4294967295,0,0
objRandFieldController,192,336,C8B56FBA,0,37,3.5,4294967295,0,1
objRandFieldController,240,384,A9C9E593,0,35,1,4294934528,0,1
objBoshySign,1392,453,50EC8A7F,0,1,1,4294967295,0,0
objWarpNext,32,224,391BEABF,0,1,1,4294967295,0,0
SaveHard,1440,448,71AC0960,0,1,1,4294967295,0,0
objBoshyFriend,1376,464,7FCE295F,0,1,1,4294967295,0,0
Camera,1424,400,C37166D0,0,1,1,4294967295,0,1
PlayerStart,1472,448,676D41B9,0,1,1,4294967295,0,0
