Block,352,1184,75A1391A,0,1,1,4294967295,0,0
Block,384,1184,6FF58285,0,1,1,4294967295,0,0
Block,416,1184,2C82AD67,0,1,1,4294967295,0,0
objRandDestroyer,352,1120,35F159AF,0,3,3,4294967295,0,0
SaveHard,384,1152,1B6EDBCE,0,1,1,4294967295,0,0
objWarpNext,384,32,F238AF72,0,1,1,4294967295,0,0
objCoolGuyBulletbill,32,128,0D5AEAEB,0,1,1,4294967295,0,0
objCoolGuyBulletbill,32,224,CF0A7ED1,0,1,1,4294967295,0,0
objCoolGuyBulletbill,32,320,1DAAF897,0,1,1,4294967295,0,0
objCoolGuyBulletbill,32,416,E7F73A97,0,1,1,4294967295,0,0
objCoolGuyBulletbill,32,512,B2D2F471,0,1,1,4294967295,0,0
objCoolGuyBulletbill,32,608,CFB1A2F9,0,1,1,4294967295,0,0
objCoolGuyBulletbill,32,704,362D019D,0,1,1,4294967295,0,0
objCoolGuyBulletbill,32,800,A8A2655A,0,1,1,4294967295,0,0
objCoolGuyBulletbill,32,896,3E24321E,0,1,1,4294967295,0,0
objCoolGuyBulletbill,32,992,3A09C108,0,1,1,4294967295,0,0
objCoolGuyBulletbill,32,1088,683ED109,0,1,1,4294967295,0,0
objCoolGuyBulletbill,768,128,9ACAEE6F,0,-1,1,4294967295,0,0
objCoolGuyBulletbill,768,224,DC168A8A,0,-1,1,4294967295,0,0
objCoolGuyBulletbill,768,320,3B229BAF,0,-1,1,4294967295,0,0
objCoolGuyBulletbill,768,416,54F71C36,0,-1,1,4294967295,0,0
objCoolGuyBulletbill,768,512,9024609E,0,-1,1,4294967295,0,0
objCoolGuyBulletbill,768,608,25B54A1F,0,-1,1,4294967295,0,0
objCoolGuyBulletbill,768,704,FCACC7E9,0,-1,1,4294967295,0,0
objCoolGuyBulletbill,768,800,150634D4,0,-1,1,4294967295,0,0
objCoolGuyBulletbill,768,896,9D57BCE2,0,-1,1,4294967295,0,0
objCoolGuyBulletbill,768,992,9554B252,0,-1,1,4294967295,0,0
objCoolGuyBulletbill,768,1088,4B9D5D44,0,-1,1,4294967295,0,0
objRandController,352,1056,3CB5E79A,0,1,1,4294967295,0,1
objRandController,416,1056,6D3F3656,0,1,1,4294967295,0,1
Camera,352,1024,00386A52,0,1,1,4294967295,0,1
PlayerStart,384,1152,BDD07B1C,0,1,1,4294967295,0,0
