SpikeDown,96,192,0033A200,0,20,1,4294967295,0,1
SpikeUp,64,256,0000600A,0,20,1,4294967295,0,1
MiniSpikeUp,720,432,0BFA230F,0,1,1,4294967295,0,0
MiniSpikeUp,704,432,1BECC11D,0,1,1,4294967295,0,0
MiniSpikeUp,688,432,580E1F82,0,1,1,4294967295,0,0
MiniSpikeUp,672,432,A6299656,0,1,1,4294967295,0,0
MiniSpikeUp,656,432,59F62495,0,1,1,4294967295,0,0
MiniSpikeUp,640,432,13832483,0,1,1,4294967295,0,0
MiniSpikeUp,624,432,4AF866CE,0,1,1,4294967295,0,0
MiniSpikeUp,608,432,A40FE1D6,0,1,1,4294967295,0,0
MiniSpikeUp,592,432,D36155BE,0,1,1,4294967295,0,0
MiniSpikeUp,576,432,303A8684,0,1,1,4294967295,0,0
MiniSpikeUp,560,432,9BBA885A,0,1,1,4294967295,0,0
MiniSpikeUp,544,432,086D928E,0,1,1,4294967295,0,0
MiniSpikeUp,528,432,D0772D12,0,1,1,4294967295,0,0
MiniSpikeUp,512,432,51B63407,0,1,1,4294967295,0,0
MiniSpikeUp,496,432,410FF808,0,1,1,4294967295,0,0
MiniSpikeUp,480,432,2B7DD04A,0,1,1,4294967295,0,0
MiniSpikeUp,464,432,9E33C314,0,1,1,4294967295,0,0
MiniSpikeUp,96,432,E62FD742,0,1,1,4294967295,0,0
MiniSpikeUp,112,432,58CA2B42,0,1,1,4294967295,0,0
MiniSpikeUp,128,432,28EE3D44,0,1,1,4294967295,0,0
MiniSpikeUp,144,432,719D32CF,0,1,1,4294967295,0,0
MiniSpikeUp,160,432,195240BF,0,1,1,4294967295,0,0
MiniSpikeUp,176,432,04BC494B,0,1,1,4294967295,0,0
MiniSpikeUp,192,432,960482A9,0,1,1,4294967295,0,0
MiniSpikeUp,208,432,E19875E5,0,1,1,4294967295,0,0
MiniSpikeUp,224,432,9661EBD3,0,1,1,4294967295,0,0
MiniSpikeUp,240,432,8E736ACC,0,1,1,4294967295,0,0
MiniSpikeUp,256,432,B946F5E3,0,1,1,4294967295,0,0
MiniSpikeUp,272,432,70231CD0,0,1,1,4294967295,0,0
MiniSpikeUp,288,432,75D14E97,0,1,1,4294967295,0,0
MiniSpikeUp,304,432,35A96B6A,0,1,1,4294967295,0,0
MiniSpikeUp,320,432,46D015C0,0,1,1,4294967295,0,0
MiniSpikeUp,336,432,B42AC8E3,0,1,1,4294967295,0,0
MiniSpikeUp,352,432,AEDD4AE3,0,1,1,4294967295,0,0
MiniSpikeUp,368,432,5D04FA6F,0,1,1,4294967295,0,0
MiniSpikeUp,384,432,AF41CC1A,0,1,1,4294967295,0,0
MiniSpikeUp,400,432,5954CACA,0,1,1,4294967295,0,0
MiniSpikeUp,416,432,94C14A2F,0,1,1,4294967295,0,0
MiniSpikeUp,432,432,84F4A7CE,0,1,1,4294967295,0,0
MiniSpikeUp,448,432,B46E1EFE,0,1,1,4294967295,0,0
Block,768,0,EE3F3B92,0,1,1,4294967295,0,0
Block,768,32,3128FA7C,0,1,1,4294967295,0,0
Block,704,32,BB14F11D,0,1,1,4294967295,0,0
Block,672,32,07FC6BF7,0,1,1,4294967295,0,0
Block,640,32,3E55C498,0,1,1,4294967295,0,0
Block,608,32,247A1777,0,1,1,4294967295,0,0
Block,576,32,B75CDD79,0,1,1,4294967295,0,0
Block,544,32,489B3096,0,1,1,4294967295,0,0
Block,512,32,11EF244B,0,1,1,4294967295,0,0
Block,480,32,EAE9EAA9,0,1,1,4294967295,0,0
Block,448,32,2BA61CB1,0,1,1,4294967295,0,0
Block,416,32,16FE5CDA,0,1,1,4294967295,0,0
Block,384,32,058E9D3A,0,1,1,4294967295,0,0
Block,352,32,73CFB806,0,1,1,4294967295,0,0
Block,320,32,9D1DFF63,0,1,1,4294967295,0,0
Block,288,32,5677E3C2,0,1,1,4294967295,0,0
Block,256,32,2511D79B,0,1,1,4294967295,0,0
Block,224,32,343EC61F,0,1,1,4294967295,0,0
Block,192,32,63C82014,0,1,1,4294967295,0,0
Block,160,32,353BE6CC,0,1,1,4294967295,0,0
Block,128,32,697116BA,0,1,1,4294967295,0,0
Block,96,32,B8D87EB9,0,1,1,4294967295,0,0
Block,64,32,81ECF222,0,1,1,4294967295,0,0
Block,32,32,33036B97,0,1,1,4294967295,0,0
Block,768,64,ADE31813,0,1,1,4294967295,0,0
Block,768,96,D7F532C1,0,1,1,4294967295,0,0
Block,768,128,F82B887F,0,1,1,4294967295,0,0
Block,768,160,B2346912,0,1,1,4294967295,0,0
Block,640,0,F17E153C,0,1,1,4294967295,0,0
Block,736,160,F84A1408,0,1,1,4294967295,0,0
Block,704,160,C923C5BC,0,1,1,4294967295,0,0
Block,672,160,EAAE4329,0,1,1,4294967295,0,0
Block,640,160,BA9ABAAB,0,1,1,4294967295,0,0
Block,608,160,FB29D61F,0,1,1,4294967295,0,0
Block,576,160,4DC7243E,0,1,1,4294967295,0,0
Block,544,160,708F6CE7,0,1,1,4294967295,0,0
Block,512,160,5708A679,0,1,1,4294967295,0,0
Block,480,160,3158B3D0,0,1,1,4294967295,0,0
Block,448,160,8DDCFA38,0,1,1,4294967295,0,0
Block,416,160,A6F26771,0,1,1,4294967295,0,0
Block,384,160,D27C999A,0,1,1,4294967295,0,0
Block,352,160,CD64F865,0,1,1,4294967295,0,0
Block,320,160,DE4A1A3B,0,1,1,4294967295,0,0
Block,288,160,EB20C674,0,1,1,4294967295,0,0
Block,256,160,8B2667CE,0,1,1,4294967295,0,0
Block,0,128,D4E7DBEE,0,1,1,4294967295,0,0
Block,0,160,90749D7B,0,1,1,4294967295,0,0
Block,0,192,20805CAA,0,1,1,4294967295,0,0
Block,128,160,09FDF100,0,1,1,4294967295,0,0
Block,160,160,63F9DB79,0,1,1,4294967295,0,0
Block,192,160,5D0D6E8F,0,1,1,4294967295,0,0
Block,224,160,EE5333D1,0,1,1,4294967295,0,0
Block,96,160,9F46F3D3,0,1,1,4294967295,0,0
Block,32,64,FBFDAF63,0,1,1,4294967295,0,0
Block,32,96,B2E2614F,0,1,1,4294967295,0,0
Block,32,128,99F635BD,0,1,1,4294967295,0,0
Block,32,192,A07E68FB,0,1,1,4294967295,0,0
Block,32,224,8FC910BC,0,1,1,4294967295,0,0
Block,32,256,657B99C4,0,1,1,4294967295,0,0
Block,32,288,0CD30B47,0,1,1,4294967295,0,0
Block,96,288,A72592C0,0,1,1,4294967295,0,0
Block,128,288,4B03A9D0,0,1,1,4294967295,0,0
Block,160,288,2E718A07,0,1,1,4294967295,0,0
Block,64,288,F67CB5B5,0,1,1,4294967295,0,0
Block,192,288,1C978614,0,1,1,4294967295,0,0
Block,224,288,941AAB41,0,1,1,4294967295,0,0
Block,256,288,1FE9B05C,0,1,1,4294967295,0,0
Block,288,288,D4E22191,0,1,1,4294967295,0,0
Block,320,288,6707D19E,0,1,1,4294967295,0,0
Block,352,288,068924B8,0,1,1,4294967295,0,0
Block,384,288,864E9258,0,1,1,4294967295,0,0
Block,416,288,C563E55D,0,1,1,4294967295,0,0
Block,448,288,775D1E65,0,1,1,4294967295,0,0
Block,480,288,E6A8ADD5,0,1,1,4294967295,0,0
Block,512,288,3A7B681A,0,1,1,4294967295,0,0
Block,544,288,B036E040,0,1,1,4294967295,0,0
Block,576,288,4024DA0E,0,1,1,4294967295,0,0
Block,608,288,59482531,0,1,1,4294967295,0,0
Block,736,192,14208C05,0,1,1,4294967295,0,0
Block,736,224,6DD1DEAC,0,1,1,4294967295,0,0
Block,736,256,4A98B44E,0,1,1,4294967295,0,0
Block,768,256,2F16362C,0,1,1,4294967295,0,0
Block,768,288,65924AF9,0,1,1,4294967295,0,0
Block,768,320,40E19E96,0,1,1,4294967295,0,0
Block,736,320,058A5B78,0,1,1,4294967295,0,0
Block,640,288,F91DE41C,0,1,1,4294967295,0,0
Block,672,288,91B52D25,0,1,1,4294967295,0,0
Block,736,352,9A20EE0E,0,1,1,4294967295,0,0
Block,736,384,526F4141,0,1,1,4294967295,0,0
Block,736,448,115EDA2F,0,1,1,4294967295,0,0
Block,704,448,61F47328,0,1,1,4294967295,0,0
Block,672,448,5966B2F9,0,1,1,4294967295,0,0
Block,640,448,6D6D47C9,0,1,1,4294967295,0,0
Block,608,448,C10A0D6B,0,1,1,4294967295,0,0
Block,576,448,D7AB9C01,0,1,1,4294967295,0,0
Block,544,448,59D1B813,0,1,1,4294967295,0,0
Block,512,448,A130F063,0,1,1,4294967295,0,0
Block,480,448,CE7A2EDC,0,1,1,4294967295,0,0
Block,448,448,467B061C,0,1,1,4294967295,0,0
Block,416,448,238E0722,0,1,1,4294967295,0,0
Block,384,448,B34502E1,0,1,1,4294967295,0,0
Block,352,448,ED344365,0,1,1,4294967295,0,0
Block,320,448,38072436,0,1,1,4294967295,0,0
Block,288,448,FDD531A0,0,1,1,4294967295,0,0
Block,32,320,7C9D23A1,0,1,1,4294967295,0,0
Block,32,352,7EEA1ED3,0,1,1,4294967295,0,0
Block,32,384,6C57788B,0,1,1,4294967295,0,0
Block,0,448,38DD1924,0,1,1,4294967295,0,0
Block,0,480,C057C9B6,0,1,1,4294967295,0,0
Block,32,480,07337586,0,1,1,4294967295,0,0
Block,32,512,DE2373EB,0,1,1,4294967295,0,0
Block,32,544,4B6B8E88,0,1,1,4294967295,0,0
Block,32,576,CD52E9A9,0,1,1,4294967295,0,0
Block,96,448,63F89242,0,1,1,4294967295,0,0
Block,128,448,43815B24,0,1,1,4294967295,0,0
Block,160,448,8D334A0C,0,1,1,4294967295,0,0
Block,192,448,1F1FB91D,0,1,1,4294967295,0,0
Block,224,448,1EB95317,0,1,1,4294967295,0,0
Block,256,448,B526DC13,0,1,1,4294967295,0,0
Block,64,576,ECD3F89C,0,1,1,4294967295,0,0
Block,96,576,6BABF148,0,1,1,4294967295,0,0
Block,128,576,FC1740AF,0,1,1,4294967295,0,0
Block,160,576,3E0125A6,0,1,1,4294967295,0,0
Block,192,576,BA8B8644,0,1,1,4294967295,0,0
Block,224,576,D47FD07C,0,1,1,4294967295,0,0
Block,256,576,375AE422,0,1,1,4294967295,0,0
Block,288,576,926DFED5,0,1,1,4294967295,0,0
Block,320,576,5022A0B1,0,1,1,4294967295,0,0
Block,352,576,7AFFFEDD,0,1,1,4294967295,0,0
Block,384,576,4E8CC616,0,1,1,4294967295,0,0
Block,416,576,A570995E,0,1,1,4294967295,0,0
Block,448,576,BB5D35DE,0,1,1,4294967295,0,0
Block,480,576,0CCBCE4A,0,1,1,4294967295,0,0
Block,512,576,C33A8454,0,1,1,4294967295,0,0
Block,544,576,B7CBCFF7,0,1,1,4294967295,0,0
Block,576,576,DD19F414,0,1,1,4294967295,0,0
Block,608,576,34BEEAC8,0,1,1,4294967295,0,0
Block,640,576,A2869830,0,1,1,4294967295,0,0
Block,672,576,15CAB54C,0,1,1,4294967295,0,0
Block,704,576,0E44D01E,0,1,1,4294967295,0,0
Block,736,576,3A9EB803,0,1,1,4294967295,0,0
Block,768,576,1783A27F,0,1,1,4294967295,0,0
Block,768,448,9A5649B1,0,1,1,4294967295,0,0
Block,768,480,EB6F9A03,0,1,1,4294967295,0,0
Block,768,512,337DE5BF,0,1,1,4294967295,0,0
Block,768,544,97886007,0,1,1,4294967295,0,0
Block,640,-32,0296D866,0,1,1,4294967295,0,0
Block,672,-32,EADF4389,0,1,1,4294967295,0,0
Block,704,-32,E76AF94E,0,1,1,4294967295,0,0
Block,736,-32,583C6A40,0,1,1,4294967295,0,0
Block,768,-32,4733629A,0,1,1,4294967295,0,0
Block,0,416,D948BF2A,0,1,1,4294967295,0,0
Block,32,416,D7D56C4C,0,1,1,4294967295,0,0
Block,736,416,13975A39,0,1,1,4294967295,0,0
objPYFShuriken,128,64,CEE07054,0,1,1,4294967295,0,1
objPYFShuriken,128,480,E727AAA3,0,1,1,4294967295,0,1
objPYFShuriken,224,480,0FDF1BA9,0,1,1,4294967295,0,1
objPYFShuriken,320,480,8E2941D0,0,1,1,4294967295,0,1
objPYFShuriken,224,64,2DD45CE0,0,1,1,4294967295,0,1
objPYFShuriken,320,64,AA975993,0,1,1,4294967295,0,1
objPYFShuriken,320,192,42E98B35,0,1,1,4294967295,0,1
objPYFShuriken,224,192,F358D7E0,0,1,1,4294967295,0,1
objPYFShuriken,128,320,06B5E2C3,0,1,1,4294967295,0,1
objPYFShuriken,416,64,773DA950,0,1,1,4294967295,0,1
objPYFShuriken,224,320,1CA1B293,0,1,1,4294967295,0,1
objPYFShuriken,320,320,000A9291,0,1,1,4294967295,0,1
objWarpNext,736,544,0F21C090,0,1,1,4294967295,0,0
SaveHard,704,0,0F371BBA,0,1,1,4294967295,0,0
objPYFPlatformYosniper,96,320,0018C175,0,18,2,4294967295,0,1
objPYFPlatformYosniper,640,320,00182028,0,1,1,4294967295,0,0
objPYFPlatformYosniper,96,320,E8C85E56,0,1,1,4294967295,0,0
objPYFPlatformYosniper,384,320,31993BB3,0,1,1,4294967295,0,0
SaveHard,736,288,001A398F,0,1,1,4294967295,0,0
PlayerStart,672,0,467F267C,0,1,1,4294967295,0,0
objPYFWaterPaint,96,512,A77502F6,0,20,2,4294967295,0,0
