SpikeDown,160,32,D88D3E84,0,1,1,4294967295,0,0
SpikeDown,128,32,FFAEAB1B,0,1,1,4294967295,0,0
SpikeDown,96,32,C4FAF985,0,1,1,4294967295,0,0
SpikeDown,64,32,56D7C358,0,1,1,4294967295,0,0
SpikeDown,224,32,4549D290,0,1,1,4294967295,0,0
SpikeDown,256,32,CFB3FD3B,0,1,1,4294967295,0,0
SpikeDown,288,32,C1FB97BA,0,1,1,4294967295,0,0
SpikeDown,320,32,702BE696,0,1,1,4294967295,0,0
SpikeDown,192,32,67293245,0,1,1,4294967295,0,0
SpikeDown,704,32,639580B9,0,1,1,4294967295,0,0
SpikeDown,672,32,3F240EE7,0,1,1,4294967295,0,0
SpikeDown,640,32,07D8ED09,0,1,1,4294967295,0,0
SpikeDown,608,32,69694266,0,1,1,4294967295,0,0
SpikeDown,576,32,7E866D18,0,1,1,4294967295,0,0
SpikeDown,544,32,12166CA0,0,1,1,4294967295,0,0
SpikeDown,512,32,450CCC28,0,1,1,4294967295,0,0
SpikeDown,480,32,7B4AE75F,0,1,1,4294967295,0,0
SpikeDown,448,32,C641EE57,0,1,1,4294967295,0,0
SpikeRight,32,64,B24544FA,0,1,1,4294967295,0,0
SpikeRight,32,96,9B0BCD03,0,1,1,4294967295,0,0
SpikeRight,32,128,FE00265A,0,1,1,4294967295,0,0
SpikeRight,32,160,AD8E5F0B,0,1,1,4294967295,0,0
SpikeRight,32,192,28BD1C6C,0,1,1,4294967295,0,0
SpikeRight,32,224,6DE26677,0,1,1,4294967295,0,0
SpikeRight,32,256,EAE97B23,0,1,1,4294967295,0,0
SpikeRight,32,288,5362C7C5,0,1,1,4294967295,0,0
SpikeRight,32,320,B6428C6E,0,1,1,4294967295,0,0
SpikeRight,32,352,4437E87F,0,1,1,4294967295,0,0
SpikeRight,32,384,A2F8642A,0,1,1,4294967295,0,0
SpikeRight,32,416,1E62295F,0,1,1,4294967295,0,0
SpikeRight,32,448,66D0B3F0,0,1,1,4294967295,0,0
SpikeRight,32,480,B7D55210,0,1,1,4294967295,0,0
SpikeRight,32,512,3129D971,0,1,1,4294967295,0,0
SpikeRight,32,576,1D5E03BE,0,1,1,4294967295,0,0
SpikeRight,32,608,D59503AC,0,1,1,4294967295,0,0
SpikeRight,32,640,B63B6DE4,0,1,1,4294967295,0,0
SpikeRight,32,544,78F6CD48,0,1,1,4294967295,0,0
SpikeLeft,736,64,4241425C,0,1,1,4294967295,0,0
SpikeLeft,736,96,8DAE15BE,0,1,1,4294967295,0,0
SpikeLeft,736,128,CB045862,0,1,1,4294967295,0,0
SpikeLeft,736,160,FE379EB2,0,1,1,4294967295,0,0
SpikeLeft,736,192,48936C37,0,1,1,4294967295,0,0
SpikeLeft,736,224,75BF490F,0,1,1,4294967295,0,0
SpikeLeft,736,256,F9BC9AE4,0,1,1,4294967295,0,0
SpikeLeft,736,288,4C7A188A,0,1,1,4294967295,0,0
SpikeLeft,736,320,10DC3A1E,0,1,1,4294967295,0,0
SpikeLeft,736,352,05283514,0,1,1,4294967295,0,0
SpikeLeft,736,384,DC959B78,0,1,1,4294967295,0,0
SpikeLeft,736,416,0394FD8D,0,1,1,4294967295,0,0
SpikeLeft,736,448,546D1D16,0,1,1,4294967295,0,0
SpikeLeft,736,480,A8DA8D8A,0,1,1,4294967295,0,0
SpikeLeft,736,512,74B5EBFF,0,1,1,4294967295,0,0
SpikeLeft,736,544,D1D9FAA3,0,1,1,4294967295,0,0
SpikeLeft,736,576,069A5933,0,1,1,4294967295,0,0
SpikeLeft,736,608,9CE5411C,0,1,1,4294967295,0,0
SpikeLeft,736,640,6D1A6DEC,0,1,1,4294967295,0,0
SpikeRight,32,672,58EC5DF1,0,1,1,4294967295,0,0
SpikeRight,32,704,B3A3E901,0,1,1,4294967295,0,0
SpikeRight,32,736,5D0792B0,0,1,1,4294967295,0,0
SpikeRight,32,768,BD9B4958,0,1,1,4294967295,0,0
SpikeRight,32,800,39DF5DB6,0,1,1,4294967295,0,0
SpikeRight,32,832,9F9DACAB,0,1,1,4294967295,0,0
SpikeRight,32,864,4A3F3A66,0,1,1,4294967295,0,0
SpikeRight,32,896,0114DE1B,0,1,1,4294967295,0,0
SpikeRight,32,928,1825C12B,0,1,1,4294967295,0,0
SpikeRight,32,960,2B85F6E2,0,1,1,4294967295,0,0
SpikeRight,32,992,D3C9B24B,0,1,1,4294967295,0,0
SpikeRight,32,1024,6119CE96,0,1,1,4294967295,0,0
SpikeRight,32,1056,AA8E5DD7,0,1,1,4294967295,0,0
SpikeRight,32,1088,9E2D515A,0,1,1,4294967295,0,0
SpikeRight,32,1120,6A9340C5,0,1,1,4294967295,0,0
SpikeRight,32,1184,9D5503B7,0,1,1,4294967295,0,0
SpikeRight,32,1216,A55A817A,0,1,1,4294967295,0,0
SpikeRight,32,1248,88618EF9,0,1,1,4294967295,0,0
SpikeRight,32,1152,81D81937,0,1,1,4294967295,0,0
SpikeLeft,736,672,903CCA54,0,1,1,4294967295,0,0
SpikeLeft,736,704,C0297DB1,0,1,1,4294967295,0,0
SpikeLeft,736,736,16C4CF99,0,1,1,4294967295,0,0
SpikeLeft,736,768,9C03FC4E,0,1,1,4294967295,0,0
SpikeLeft,736,800,3B1787A5,0,1,1,4294967295,0,0
SpikeLeft,736,832,B3FA2A83,0,1,1,4294967295,0,0
SpikeLeft,736,864,0AEE4F97,0,1,1,4294967295,0,0
SpikeLeft,736,896,201F78A5,0,1,1,4294967295,0,0
SpikeLeft,736,928,8D280093,0,1,1,4294967295,0,0
SpikeLeft,736,960,482A41F2,0,1,1,4294967295,0,0
SpikeLeft,736,992,7141BC03,0,1,1,4294967295,0,0
SpikeLeft,736,1024,A365F74E,0,1,1,4294967295,0,0
SpikeLeft,736,1056,5A9635ED,0,1,1,4294967295,0,0
SpikeLeft,736,1088,2A967A4C,0,1,1,4294967295,0,0
SpikeLeft,736,1120,2115FB82,0,1,1,4294967295,0,0
SpikeLeft,736,1152,AEBE932A,0,1,1,4294967295,0,0
SpikeLeft,736,1184,B16157B5,0,1,1,4294967295,0,0
SpikeLeft,736,1216,356CD5CA,0,1,1,4294967295,0,0
SpikeLeft,736,1248,4BA8256A,0,1,1,4294967295,0,0
SpikeRight,32,1280,B7224153,0,1,1,4294967295,0,0
SpikeRight,32,1312,7A81FFEE,0,1,1,4294967295,0,0
SpikeRight,32,1344,271675D2,0,1,1,4294967295,0,0
SpikeRight,32,1376,8702B995,0,1,1,4294967295,0,0
SpikeRight,32,1408,5B38A44F,0,1,1,4294967295,0,0
SpikeRight,32,1440,D7B2DA01,0,1,1,4294967295,0,0
SpikeRight,32,1472,DDC13541,0,1,1,4294967295,0,0
SpikeRight,32,1504,363F3BB1,0,1,1,4294967295,0,0
SpikeRight,32,1536,13D72C50,0,1,1,4294967295,0,0
SpikeRight,32,1568,92AC1B49,0,1,1,4294967295,0,0
SpikeRight,32,1600,19A582A4,0,1,1,4294967295,0,0
SpikeRight,32,1632,1416C30F,0,1,1,4294967295,0,0
SpikeRight,32,1664,9D45E621,0,1,1,4294967295,0,0
SpikeRight,32,1696,FFFAF963,0,1,1,4294967295,0,0
SpikeRight,32,1728,BB9CD400,0,1,1,4294967295,0,0
SpikeRight,32,1792,76827061,0,1,1,4294967295,0,0
SpikeRight,32,1824,57370E5A,0,1,1,4294967295,0,0
SpikeRight,32,1856,CC2011E2,0,1,1,4294967295,0,0
SpikeRight,32,1760,A6A03F57,0,1,1,4294967295,0,0
SpikeLeft,736,1280,1A07C640,0,1,1,4294967295,0,0
SpikeLeft,736,1312,1FC11CE0,0,1,1,4294967295,0,0
SpikeLeft,736,1344,5E7956CA,0,1,1,4294967295,0,0
SpikeLeft,736,1376,AE6766D5,0,1,1,4294967295,0,0
SpikeLeft,736,1408,45407EE6,0,1,1,4294967295,0,0
SpikeLeft,736,1440,6566A3BF,0,1,1,4294967295,0,0
SpikeLeft,736,1472,6548CFD4,0,1,1,4294967295,0,0
SpikeLeft,736,1504,B6AA39D2,0,1,1,4294967295,0,0
SpikeLeft,736,1536,E9BE8601,0,1,1,4294967295,0,0
SpikeLeft,736,1568,ECFA08F1,0,1,1,4294967295,0,0
SpikeLeft,736,1600,6BB6D97A,0,1,1,4294967295,0,0
SpikeLeft,736,1632,A7DED6B1,0,1,1,4294967295,0,0
SpikeLeft,736,1664,3FAB4111,0,1,1,4294967295,0,0
SpikeLeft,736,1696,56BF19FB,0,1,1,4294967295,0,0
SpikeLeft,736,1728,11C5168B,0,1,1,4294967295,0,0
SpikeLeft,736,1760,669A9630,0,1,1,4294967295,0,0
SpikeLeft,736,1792,3A58282A,0,1,1,4294967295,0,0
SpikeLeft,736,1824,4755B41D,0,1,1,4294967295,0,0
SpikeLeft,736,1856,F25C9DCA,0,1,1,4294967295,0,0
SpikeRight,32,1888,FC0251FA,0,1,1,4294967295,0,0
SpikeRight,32,1920,26DC09F5,0,1,1,4294967295,0,0
SpikeRight,32,1952,64CE73F2,0,1,1,4294967295,0,0
SpikeRight,32,1984,C45A6A8A,0,1,1,4294967295,0,0
SpikeRight,32,2016,359ABCD3,0,1,1,4294967295,0,0
SpikeRight,32,2048,F745E6EB,0,1,1,4294967295,0,0
SpikeRight,32,2080,8579AD31,0,1,1,4294967295,0,0
SpikeRight,32,2112,F36701A4,0,1,1,4294967295,0,0
SpikeRight,32,2144,2A36390A,0,1,1,4294967295,0,0
SpikeRight,32,2176,1D6B39EB,0,1,1,4294967295,0,0
SpikeRight,32,2208,504657CB,0,1,1,4294967295,0,0
SpikeRight,32,2240,782026B4,0,1,1,4294967295,0,0
SpikeRight,32,2272,B819178C,0,1,1,4294967295,0,0
SpikeRight,32,2304,5F2C7FA5,0,1,1,4294967295,0,0
SpikeRight,32,2336,7F62639D,0,1,1,4294967295,0,0
SpikeRight,32,2400,B21BC8F9,0,1,1,4294967295,0,0
SpikeRight,32,2432,FDD433B0,0,1,1,4294967295,0,0
SpikeRight,32,2464,5F2A8B6F,0,1,1,4294967295,0,0
SpikeRight,32,2368,DC6B61D0,0,1,1,4294967295,0,0
SpikeLeft,736,1888,AC931634,0,1,1,4294967295,0,0
SpikeLeft,736,1920,E8997706,0,1,1,4294967295,0,0
SpikeLeft,736,1952,D5048510,0,1,1,4294967295,0,0
SpikeLeft,736,1984,133ECCA7,0,1,1,4294967295,0,0
SpikeLeft,736,2016,B7EDA90B,0,1,1,4294967295,0,0
SpikeLeft,736,2048,78B94A0B,0,1,1,4294967295,0,0
SpikeLeft,736,2080,771BEA32,0,1,1,4294967295,0,0
SpikeLeft,736,2112,1058AE90,0,1,1,4294967295,0,0
SpikeLeft,736,2144,D1334C67,0,1,1,4294967295,0,0
SpikeLeft,736,2176,D002F08A,0,1,1,4294967295,0,0
SpikeLeft,736,2208,11EB4D14,0,1,1,4294967295,0,0
SpikeLeft,736,2240,9283FE27,0,1,1,4294967295,0,0
SpikeLeft,736,2272,AE87E032,0,1,1,4294967295,0,0
SpikeLeft,736,2304,F2D49A54,0,1,1,4294967295,0,0
SpikeLeft,736,2336,48849788,0,1,1,4294967295,0,0
SpikeLeft,736,2368,68DA51FF,0,1,1,4294967295,0,0
SpikeLeft,736,2400,0DD4FCED,0,1,1,4294967295,0,0
SpikeLeft,736,2432,F29DE979,0,1,1,4294967295,0,0
SpikeLeft,736,2464,0C4203F1,0,1,1,4294967295,0,0
SpikeRight,32,2496,52E738F9,0,1,1,4294967295,0,0
SpikeRight,32,2528,87F8EC6A,0,1,1,4294967295,0,0
SpikeRight,32,2560,E66A7603,0,1,1,4294967295,0,0
SpikeRight,32,2592,E502F589,0,1,1,4294967295,0,0
SpikeRight,32,2624,5392E202,0,1,1,4294967295,0,0
SpikeRight,32,2656,4BADA18D,0,1,1,4294967295,0,0
SpikeRight,32,2688,E2A8BD66,0,1,1,4294967295,0,0
SpikeRight,32,2720,D5CD4409,0,1,1,4294967295,0,0
SpikeRight,32,2752,3C453A50,0,1,1,4294967295,0,0
SpikeRight,32,2784,B5714081,0,1,1,4294967295,0,0
SpikeRight,32,2816,2004A4F5,0,1,1,4294967295,0,0
SpikeRight,32,2848,8853DDD1,0,1,1,4294967295,0,0
SpikeRight,32,2880,D3B71A15,0,1,1,4294967295,0,0
SpikeRight,32,2912,E8EB1670,0,1,1,4294967295,0,0
SpikeRight,32,2944,A9C84E5B,0,1,1,4294967295,0,0
SpikeRight,32,3008,0158E202,0,1,1,4294967295,0,0
SpikeRight,32,3040,1EEED9BF,0,1,1,4294967295,0,0
SpikeRight,32,3072,8079D3DB,0,1,1,4294967295,0,0
SpikeRight,32,2976,A56E1C2E,0,1,1,4294967295,0,0
SpikeLeft,736,2496,DE790B31,0,1,1,4294967295,0,0
SpikeLeft,736,2528,E271E9B7,0,1,1,4294967295,0,0
SpikeLeft,736,2560,A54F5D03,0,1,1,4294967295,0,0
SpikeLeft,736,2592,42E19D51,0,1,1,4294967295,0,0
SpikeLeft,736,2624,252D04D6,0,1,1,4294967295,0,0
SpikeLeft,736,2656,38452DD0,0,1,1,4294967295,0,0
SpikeLeft,736,2688,D6A9D0CE,0,1,1,4294967295,0,0
SpikeLeft,736,2720,CA8AEDD2,0,1,1,4294967295,0,0
SpikeLeft,736,2752,97BDEFCD,0,1,1,4294967295,0,0
SpikeLeft,736,2784,E98E81D9,0,1,1,4294967295,0,0
SpikeLeft,736,2816,5AABACD7,0,1,1,4294967295,0,0
SpikeLeft,736,2848,4E1004DA,0,1,1,4294967295,0,0
SpikeLeft,736,2880,3D8EE4A4,0,1,1,4294967295,0,0
SpikeLeft,736,2912,01F192AE,0,1,1,4294967295,0,0
SpikeLeft,736,2944,A41F9728,0,1,1,4294967295,0,0
SpikeLeft,736,2976,FABB989C,0,1,1,4294967295,0,0
SpikeLeft,736,3008,D9B9BECE,0,1,1,4294967295,0,0
SpikeLeft,736,3040,7A908974,0,1,1,4294967295,0,0
SpikeLeft,736,3072,00F88BC1,0,1,1,4294967295,0,0
SpikeRight,32,3104,21D10D78,0,1,1,4294967295,0,0
SpikeRight,32,3136,774020FE,0,1,1,4294967295,0,0
SpikeRight,32,3168,31FE9B6C,0,1,1,4294967295,0,0
SpikeRight,32,3200,20FFCAF6,0,1,1,4294967295,0,0
SpikeRight,32,3232,1369B319,0,1,1,4294967295,0,0
SpikeRight,32,3264,EC2C5FBF,0,1,1,4294967295,0,0
SpikeRight,32,3296,56DC9BE1,0,1,1,4294967295,0,0
SpikeRight,32,3328,34B3B8EB,0,1,1,4294967295,0,0
SpikeRight,32,3360,F5A87824,0,1,1,4294967295,0,0
SpikeRight,32,3392,463D9A5B,0,1,1,4294967295,0,0
SpikeRight,32,3424,D77C3A8D,0,1,1,4294967295,0,0
SpikeRight,32,3456,D2CC416B,0,1,1,4294967295,0,0
SpikeRight,32,3488,1853387B,0,1,1,4294967295,0,0
SpikeRight,32,3520,5E1AAF81,0,1,1,4294967295,0,0
SpikeRight,32,3552,B58CB6D1,0,1,1,4294967295,0,0
SpikeRight,32,3616,697A44B3,0,1,1,4294967295,0,0
SpikeRight,32,3648,C48C6A09,0,1,1,4294967295,0,0
SpikeRight,32,3680,527158C3,0,1,1,4294967295,0,0
SpikeRight,32,3584,13FD6AAB,0,1,1,4294967295,0,0
SpikeLeft,736,3104,843337F1,0,1,1,4294967295,0,0
SpikeLeft,736,3136,5FA753F8,0,1,1,4294967295,0,0
SpikeLeft,736,3168,FFD8DE28,0,1,1,4294967295,0,0
SpikeLeft,736,3200,E43E2EF4,0,1,1,4294967295,0,0
SpikeLeft,736,3232,951374B8,0,1,1,4294967295,0,0
SpikeLeft,736,3264,01861878,0,1,1,4294967295,0,0
SpikeLeft,736,3296,869D9477,0,1,1,4294967295,0,0
SpikeLeft,736,3328,6B1B96E2,0,1,1,4294967295,0,0
SpikeLeft,736,3360,3830FB50,0,1,1,4294967295,0,0
SpikeLeft,736,3392,437B7809,0,1,1,4294967295,0,0
SpikeLeft,736,3424,D4E450FD,0,1,1,4294967295,0,0
SpikeLeft,736,3456,80C24783,0,1,1,4294967295,0,0
SpikeLeft,736,3488,C1A5C1D2,0,1,1,4294967295,0,0
SpikeLeft,736,3520,6F060124,0,1,1,4294967295,0,0
SpikeLeft,736,3552,2F171DC8,0,1,1,4294967295,0,0
SpikeLeft,736,3584,79CF6053,0,1,1,4294967295,0,0
SpikeLeft,736,3616,002631AA,0,1,1,4294967295,0,0
SpikeLeft,736,3648,B1573C8D,0,1,1,4294967295,0,0
SpikeLeft,736,3680,462AFD8B,0,1,1,4294967295,0,0
SpikeRight,32,3712,5E3FFEC8,0,1,1,4294967295,0,0
SpikeRight,32,3744,6C7CF929,0,1,1,4294967295,0,0
SpikeRight,32,3776,B6BE12F4,0,1,1,4294967295,0,0
SpikeRight,32,3808,91F7867C,0,1,1,4294967295,0,0
SpikeRight,32,3840,5A5ABC73,0,1,1,4294967295,0,0
SpikeRight,32,3872,A65ADF11,0,1,1,4294967295,0,0
SpikeRight,32,3904,BD089775,0,1,1,4294967295,0,0
SpikeRight,32,3936,D27F9284,0,1,1,4294967295,0,0
SpikeRight,32,3968,86ED2141,0,1,1,4294967295,0,0
SpikeRight,32,4000,17390C09,0,1,1,4294967295,0,0
SpikeRight,32,4032,34744F06,0,1,1,4294967295,0,0
SpikeRight,32,4064,846B136E,0,1,1,4294967295,0,0
SpikeRight,32,4096,2E10820B,0,1,1,4294967295,0,0
SpikeRight,32,4128,A498F01C,0,1,1,4294967295,0,0
SpikeRight,32,4160,9C8EB907,0,1,1,4294967295,0,0
SpikeRight,32,4224,6A4A6E2B,0,1,1,4294967295,0,0
SpikeRight,32,4256,616B02E2,0,1,1,4294967295,0,0
SpikeRight,32,4288,B9BF4016,0,1,1,4294967295,0,0
SpikeRight,32,4192,4853F1D7,0,1,1,4294967295,0,0
SpikeLeft,736,3712,D1B30FCD,0,1,1,4294967295,0,0
SpikeLeft,736,3744,6DC750F7,0,1,1,4294967295,0,0
SpikeLeft,736,3776,2BDDF567,0,1,1,4294967295,0,0
SpikeLeft,736,3808,BA2F02ED,0,1,1,4294967295,0,0
SpikeLeft,736,3840,E115D6A9,0,1,1,4294967295,0,0
SpikeLeft,736,3872,817B18B2,0,1,1,4294967295,0,0
SpikeLeft,736,3904,6A074E33,0,1,1,4294967295,0,0
SpikeLeft,736,3936,87CA93ED,0,1,1,4294967295,0,0
SpikeLeft,736,3968,D8B4F809,0,1,1,4294967295,0,0
SpikeLeft,736,4000,EF4CA589,0,1,1,4294967295,0,0
SpikeLeft,736,4032,5F5A8F11,0,1,1,4294967295,0,0
SpikeLeft,736,4064,045129B5,0,1,1,4294967295,0,0
SpikeLeft,736,4096,B1AFA19A,0,1,1,4294967295,0,0
SpikeLeft,736,4128,C8411E0B,0,1,1,4294967295,0,0
SpikeLeft,736,4160,7A9BA27B,0,1,1,4294967295,0,0
SpikeLeft,736,4192,E95B053F,0,1,1,4294967295,0,0
SpikeLeft,736,4224,EC29A1DA,0,1,1,4294967295,0,0
SpikeLeft,736,4256,71EE5814,0,1,1,4294967295,0,0
SpikeLeft,736,4288,B886875E,0,1,1,4294967295,0,0
SpikeRight,32,4320,8ED21780,0,1,1,4294967295,0,0
SpikeRight,32,4352,671CCDCE,0,1,1,4294967295,0,0
SpikeRight,32,4384,3E17038C,0,1,1,4294967295,0,0
SpikeRight,32,4416,AAEE8F4A,0,1,1,4294967295,0,0
SpikeRight,32,4448,8B0D4AD9,0,1,1,4294967295,0,0
SpikeRight,32,4480,A44D401A,0,1,1,4294967295,0,0
SpikeRight,32,4512,55008F63,0,1,1,4294967295,0,0
SpikeRight,32,4544,113C16A4,0,1,1,4294967295,0,0
SpikeRight,32,4576,7CB3F994,0,1,1,4294967295,0,0
SpikeRight,32,4608,C393793A,0,1,1,4294967295,0,0
SpikeRight,32,4640,3E7B19F7,0,1,1,4294967295,0,0
SpikeRight,32,4672,B1E21A42,0,1,1,4294967295,0,0
SpikeRight,32,4704,DDEAAA4A,0,1,1,4294967295,0,0
SpikeRight,32,4736,2B811F08,0,1,1,4294967295,0,0
SpikeRight,32,4768,115A9971,0,1,1,4294967295,0,0
SpikeRight,32,4832,6A499ECF,0,1,1,4294967295,0,0
SpikeRight,32,4864,5B28318C,0,1,1,4294967295,0,0
SpikeRight,32,4896,DBBF1A35,0,1,1,4294967295,0,0
SpikeRight,32,4800,573EC765,0,1,1,4294967295,0,0
SpikeLeft,736,4320,D790FB48,0,1,1,4294967295,0,0
SpikeLeft,736,4352,7451A127,0,1,1,4294967295,0,0
SpikeLeft,736,4384,7E8CAB15,0,1,1,4294967295,0,0
SpikeLeft,736,4416,5DD72660,0,1,1,4294967295,0,0
SpikeLeft,736,4448,F8FEB0AE,0,1,1,4294967295,0,0
SpikeLeft,736,4480,F8C98604,0,1,1,4294967295,0,0
SpikeLeft,736,4512,084E576D,0,1,1,4294967295,0,0
SpikeLeft,736,4544,8E76E73E,0,1,1,4294967295,0,0
SpikeLeft,736,4576,5A73C065,0,1,1,4294967295,0,0
SpikeLeft,736,4608,68042D47,0,1,1,4294967295,0,0
SpikeLeft,736,4640,2325E8D8,0,1,1,4294967295,0,0
SpikeLeft,736,4672,28A809C4,0,1,1,4294967295,0,0
SpikeLeft,736,4704,22D34495,0,1,1,4294967295,0,0
SpikeLeft,736,4736,6634C01F,0,1,1,4294967295,0,0
SpikeLeft,736,4768,D6454D91,0,1,1,4294967295,0,0
SpikeLeft,736,4800,B97C5803,0,1,1,4294967295,0,0
SpikeLeft,736,4832,FEFCAA07,0,1,1,4294967295,0,0
SpikeLeft,736,4864,A5CA34E6,0,1,1,4294967295,0,0
SpikeLeft,736,4896,CFAACB5A,0,1,1,4294967295,0,0
SpikeRight,32,4928,A24F5D36,0,1,1,4294967295,0,0
SpikeRight,32,4960,D581851B,0,1,1,4294967295,0,0
SpikeRight,32,4992,EA882E12,0,1,1,4294967295,0,0
SpikeRight,32,5024,06090CB6,0,1,1,4294967295,0,0
SpikeRight,32,5056,54DE5E96,0,1,1,4294967295,0,0
SpikeRight,32,5088,771FDECF,0,1,1,4294967295,0,0
SpikeRight,32,5120,BCCD0D54,0,1,1,4294967295,0,0
SpikeRight,32,5152,5D5CBFBC,0,1,1,4294967295,0,0
SpikeRight,32,5184,51646EB3,0,1,1,4294967295,0,0
SpikeRight,32,5216,F007C2DA,0,1,1,4294967295,0,0
SpikeRight,32,5248,F10A0077,0,1,1,4294967295,0,0
SpikeRight,32,5280,CD260825,0,1,1,4294967295,0,0
SpikeRight,32,5312,0E6E6E1D,0,1,1,4294967295,0,0
SpikeRight,32,5344,00C3C583,0,1,1,4294967295,0,0
SpikeRight,32,5376,415D3344,0,1,1,4294967295,0,0
SpikeRight,32,5440,0CF0416E,0,1,1,4294967295,0,0
SpikeRight,32,5472,EFE4FC7C,0,1,1,4294967295,0,0
SpikeRight,32,5504,C696AFD4,0,1,1,4294967295,0,0
SpikeRight,32,5408,67133DFC,0,1,1,4294967295,0,0
SpikeLeft,736,4928,454B0978,0,1,1,4294967295,0,0
SpikeLeft,736,4960,8B3053B4,0,1,1,4294967295,0,0
SpikeLeft,736,4992,F7865D6B,0,1,1,4294967295,0,0
SpikeLeft,736,5024,2D2A86AF,0,1,1,4294967295,0,0
SpikeLeft,736,5056,3F6F3407,0,1,1,4294967295,0,0
SpikeLeft,736,5088,590CBBF5,0,1,1,4294967295,0,0
SpikeLeft,736,5120,D1A4125A,0,1,1,4294967295,0,0
SpikeLeft,736,5152,409F7FB4,0,1,1,4294967295,0,0
SpikeLeft,736,5184,2A8BFC61,0,1,1,4294967295,0,0
SpikeLeft,736,5216,F29FFC3A,0,1,1,4294967295,0,0
SpikeLeft,736,5248,0DE666A5,0,1,1,4294967295,0,0
SpikeLeft,736,5280,8C1D0980,0,1,1,4294967295,0,0
SpikeLeft,736,5312,BED6AF92,0,1,1,4294967295,0,0
SpikeLeft,736,5344,E041D6D8,0,1,1,4294967295,0,0
SpikeLeft,736,5376,CC0B27D4,0,1,1,4294967295,0,0
SpikeLeft,736,5408,C18F02D2,0,1,1,4294967295,0,0
SpikeLeft,736,5440,2D3DF015,0,1,1,4294967295,0,0
SpikeLeft,736,5472,BF09BB50,0,1,1,4294967295,0,0
SpikeLeft,736,5504,E8B96612,0,1,1,4294967295,0,0
SpikeLeft,736,5984,DF401567,0,1,1,4294967295,0,0
SpikeLeft,736,5952,52A6EA3C,0,1,1,4294967295,0,0
SpikeLeft,736,5920,0A3BB820,0,1,1,4294967295,0,0
SpikeLeft,736,5888,B69A5D1D,0,1,1,4294967295,0,0
SpikeLeft,736,5856,96186A03,0,1,1,4294967295,0,0
SpikeLeft,736,5824,73DCAACA,0,1,1,4294967295,0,0
SpikeLeft,736,5792,608EE82F,0,1,1,4294967295,0,0
SpikeLeft,736,5760,E315B667,0,1,1,4294967295,0,0
SpikeLeft,736,5728,C91115D7,0,1,1,4294967295,0,0
SpikeLeft,736,5696,5C849568,0,1,1,4294967295,0,0
SpikeLeft,736,5664,60E5E210,0,1,1,4294967295,0,0
SpikeLeft,736,5632,D5934615,0,1,1,4294967295,0,0
SpikeLeft,736,5600,5DD11AF2,0,1,1,4294967295,0,0
SpikeLeft,736,5568,4438831E,0,1,1,4294967295,0,0
SpikeLeft,736,5536,BAF45D00,0,1,1,4294967295,0,0
SpikeRight,32,5536,4B5724CE,0,1,1,4294967295,0,0
SpikeRight,32,5568,2422F9CA,0,1,1,4294967295,0,0
SpikeRight,32,5600,2D5971BC,0,1,1,4294967295,0,0
SpikeRight,32,5632,007E591B,0,1,1,4294967295,0,0
SpikeRight,32,5664,AF7BCBFF,0,1,1,4294967295,0,0
SpikeRight,32,5696,17782EA2,0,1,1,4294967295,0,0
SpikeRight,32,5728,3F52B5B1,0,1,1,4294967295,0,0
SpikeRight,32,5952,497E1C8B,0,1,1,4294967295,0,0
SpikeRight,32,5984,1E32BE8B,0,1,1,4294967295,0,0
SpikeRight,32,5920,21E5BEE6,0,1,1,4294967295,0,0
SpikeRight,32,5888,17D29CFA,0,1,1,4294967295,0,0
SpikeRight,32,5856,2650644B,0,1,1,4294967295,0,0
SpikeRight,32,5824,9A4658F9,0,1,1,4294967295,0,0
SpikeRight,32,5792,16D529C1,0,1,1,4294967295,0,0
SpikeRight,32,5760,E645CDA9,0,1,1,4294967295,0,0
SpikeUp,64,6016,69E1110D,0,1,1,4294967295,0,0
SpikeUp,96,6016,7AD7AA48,0,1,1,4294967295,0,0
SpikeUp,128,6016,E8105324,0,1,1,4294967295,0,0
SpikeUp,160,6016,699BA285,0,1,1,4294967295,0,0
SpikeUp,192,6016,DB4D05BE,0,1,1,4294967295,0,0
SpikeUp,224,6016,FE5982B5,0,1,1,4294967295,0,0
SpikeUp,256,6016,A4483877,0,1,1,4294967295,0,0
SpikeUp,288,6016,0178EEC2,0,1,1,4294967295,0,0
SpikeUp,320,6016,2723D076,0,1,1,4294967295,0,0
SpikeUp,448,6016,1860DE98,0,1,1,4294967295,0,0
SpikeUp,480,6016,96BC4BF7,0,1,1,4294967295,0,0
SpikeUp,512,6016,D732C87D,0,1,1,4294967295,0,0
SpikeUp,544,6016,000D8304,0,1,1,4294967295,0,0
SpikeUp,576,6016,8A7E2863,0,1,1,4294967295,0,0
SpikeUp,608,6016,090B805A,0,1,1,4294967295,0,0
SpikeUp,640,6016,50254F96,0,1,1,4294967295,0,0
SpikeUp,672,6016,D794FBB1,0,1,1,4294967295,0,0
SpikeUp,704,6016,3D2BD681,0,1,1,4294967295,0,0
SpikeDown,304,64,5443A904,0,1,1,4294967295,0,0
SpikeDown,464,64,671D335D,0,1,1,4294967295,0,0
Block,0,6048,50BF9F5E,0,1,1,4294967295,0,0
Block,0,6016,7A09294C,0,1,1,4294967295,0,0
Block,0,5952,0DBA970D,0,1,1,4294967295,0,0
Block,0,5920,88DD49C7,0,1,1,4294967295,0,0
Block,0,5888,1003DA91,0,1,1,4294967295,0,0
Block,0,5856,404CCE4B,0,1,1,4294967295,0,0
Block,0,5824,5F7A96FB,0,1,1,4294967295,0,0
Block,0,5792,79017BA8,0,1,1,4294967295,0,0
Block,0,5760,FB9EE424,0,1,1,4294967295,0,0
Block,0,5984,9A271EE4,0,1,1,4294967295,0,0
Block,32,6048,395ACFBF,0,1,1,4294967295,0,0
Block,64,6048,D6E325E0,0,1,1,4294967295,0,0
Block,96,6048,AD4D2327,0,1,1,4294967295,0,0
Block,128,6048,20E1FDBB,0,1,1,4294967295,0,0
Block,160,6048,04157958,0,1,1,4294967295,0,0
Block,192,6048,EE918AD1,0,1,1,4294967295,0,0
Block,224,6048,013DECF1,0,1,1,4294967295,0,0
Block,256,6048,20BB8406,0,1,1,4294967295,0,0
Block,288,6048,67E26A02,0,1,1,4294967295,0,0
Block,320,6048,5AE3215F,0,1,1,4294967295,0,0
Block,352,6048,D4F83D16,0,1,1,4294967295,0,0
Block,416,6048,ED294502,0,1,1,4294967295,0,0
Block,448,6048,5BB6DAE2,0,1,1,4294967295,0,0
Block,480,6048,E68AD528,0,1,1,4294967295,0,0
Block,512,6048,FB1DBBC5,0,1,1,4294967295,0,0
Block,544,6048,02E09BDA,0,1,1,4294967295,0,0
Block,576,6048,CCB0A4B5,0,1,1,4294967295,0,0
Block,608,6048,074E6FD0,0,1,1,4294967295,0,0
Block,640,6048,C378E8F7,0,1,1,4294967295,0,0
Block,672,6048,615D79F6,0,1,1,4294967295,0,0
Block,704,6048,E07DDA96,0,1,1,4294967295,0,0
Block,736,6048,17EC1224,0,1,1,4294967295,0,0
Block,768,6048,11B8085A,0,1,1,4294967295,0,0
Block,768,6016,9935D92E,0,1,1,4294967295,0,0
Block,768,5984,647217E7,0,1,1,4294967295,0,0
Block,768,5952,E98D2406,0,1,1,4294967295,0,0
Block,768,5920,B08F9D64,0,1,1,4294967295,0,0
Block,768,5888,489C8454,0,1,1,4294967295,0,0
Block,768,5856,BF0A2ECC,0,1,1,4294967295,0,0
Block,768,5824,51CA67B3,0,1,1,4294967295,0,0
Block,768,5792,EA7A4251,0,1,1,4294967295,0,0
Block,768,5760,00E6FF67,0,1,1,4294967295,0,0
Block,768,5728,816736FE,0,1,1,4294967295,0,0
Block,0,5728,53796C82,0,1,1,4294967295,0,0
Block,0,5696,8CEA13ED,0,1,1,4294967295,0,0
Block,0,5632,71066C91,0,1,1,4294967295,0,0
Block,0,5600,42C2ACD8,0,1,1,4294967295,0,0
Block,0,5568,C6E19FF6,0,1,1,4294967295,0,0
Block,0,5536,E347458A,0,1,1,4294967295,0,0
Block,0,5504,5E4EEA26,0,1,1,4294967295,0,0
Block,0,5472,C53C1358,0,1,1,4294967295,0,0
Block,0,5440,81D71B8E,0,1,1,4294967295,0,0
Block,0,5664,EFC3715C,0,1,1,4294967295,0,0
Block,768,5696,4C3F3886,0,1,1,4294967295,0,0
Block,768,5664,649F7120,0,1,1,4294967295,0,0
Block,768,5632,8D41D814,0,1,1,4294967295,0,0
Block,768,5600,ED86630A,0,1,1,4294967295,0,0
Block,768,5568,F0DAEF3D,0,1,1,4294967295,0,0
Block,768,5536,15B8F285,0,1,1,4294967295,0,0
Block,768,5504,C4D3896B,0,1,1,4294967295,0,0
Block,768,5472,C38E1FFF,0,1,1,4294967295,0,0
Block,768,5440,1FBE36F0,0,1,1,4294967295,0,0
Block,768,5408,155F0A80,0,1,1,4294967295,0,0
Block,0,5408,41309295,0,1,1,4294967295,0,0
Block,0,5376,FEA1FE19,0,1,1,4294967295,0,0
Block,0,5312,538A62A2,0,1,1,4294967295,0,0
Block,0,5280,7C015E8C,0,1,1,4294967295,0,0
Block,0,5248,E0DB41CD,0,1,1,4294967295,0,0
Block,0,5216,66CE8E29,0,1,1,4294967295,0,0
Block,0,5184,949E2640,0,1,1,4294967295,0,0
Block,0,5152,9954ECE7,0,1,1,4294967295,0,0
Block,0,5120,A0359459,0,1,1,4294967295,0,0
Block,0,5344,7D99B044,0,1,1,4294967295,0,0
Block,768,5376,8C6620D1,0,1,1,4294967295,0,0
Block,768,5344,57840465,0,1,1,4294967295,0,0
Block,768,5312,AE71339B,0,1,1,4294967295,0,0
Block,768,5280,2D9DAE80,0,1,1,4294967295,0,0
Block,768,5248,D7F0CDC9,0,1,1,4294967295,0,0
Block,768,5216,48F41D99,0,1,1,4294967295,0,0
Block,768,5184,DCFEA640,0,1,1,4294967295,0,0
Block,768,5152,E93FA479,0,1,1,4294967295,0,0
Block,768,5120,62A62758,0,1,1,4294967295,0,0
Block,768,5088,68B0F48E,0,1,1,4294967295,0,0
Block,0,5088,4A9B3201,0,1,1,4294967295,0,0
Block,0,5056,BEF8662E,0,1,1,4294967295,0,0
Block,0,4992,0A463436,0,1,1,4294967295,0,0
Block,0,4960,1DFAA90D,0,1,1,4294967295,0,0
Block,0,4928,0B8AF8B1,0,1,1,4294967295,0,0
Block,0,4896,12FBEB9F,0,1,1,4294967295,0,0
Block,0,4864,70F9A90A,0,1,1,4294967295,0,0
Block,0,4832,669B7388,0,1,1,4294967295,0,0
Block,0,4800,2466B75F,0,1,1,4294967295,0,0
Block,0,5024,03613021,0,1,1,4294967295,0,0
Block,768,5056,9448E793,0,1,1,4294967295,0,0
Block,768,5024,EA530EFF,0,1,1,4294967295,0,0
Block,768,4992,C93E0B25,0,1,1,4294967295,0,0
Block,768,4960,1C49E80D,0,1,1,4294967295,0,0
Block,768,4928,362E1DFE,0,1,1,4294967295,0,0
Block,768,4896,9A1B1B38,0,1,1,4294967295,0,0
Block,768,4864,F14E3D48,0,1,1,4294967295,0,0
Block,768,4832,4D8BAAED,0,1,1,4294967295,0,0
Block,768,4800,4CE35721,0,1,1,4294967295,0,0
Block,768,4768,F152C17C,0,1,1,4294967295,0,0
Block,0,4768,D363635A,0,1,1,4294967295,0,0
Block,0,4736,31F6744F,0,1,1,4294967295,0,0
Block,0,4672,983D4E6E,0,1,1,4294967295,0,0
Block,0,4640,32AD8AB8,0,1,1,4294967295,0,0
Block,0,4608,89C783C5,0,1,1,4294967295,0,0
Block,0,4576,FD408726,0,1,1,4294967295,0,0
Block,0,4544,00447934,0,1,1,4294967295,0,0
Block,0,4512,DA6BE7AA,0,1,1,4294967295,0,0
Block,0,4480,4DE51C52,0,1,1,4294967295,0,0
Block,0,4704,0E167B36,0,1,1,4294967295,0,0
Block,768,4736,8C9E1A1A,0,1,1,4294967295,0,0
Block,768,4704,00E1CF75,0,1,1,4294967295,0,0
Block,768,4672,29C79DE2,0,1,1,4294967295,0,0
Block,768,4640,ABDDFCC8,0,1,1,4294967295,0,0
Block,768,4608,13F14496,0,1,1,4294967295,0,0
Block,768,4576,434B6D1E,0,1,1,4294967295,0,0
Block,768,4544,5BC63272,0,1,1,4294967295,0,0
Block,768,4512,63E11DD6,0,1,1,4294967295,0,0
Block,768,4480,8EB0D5B5,0,1,1,4294967295,0,0
Block,768,4448,CAAB3100,0,1,1,4294967295,0,0
Block,0,4448,1189E31D,0,1,1,4294967295,0,0
Block,0,4416,61833400,0,1,1,4294967295,0,0
Block,0,4352,E9804742,0,1,1,4294967295,0,0
Block,0,4320,39FEC175,0,1,1,4294967295,0,0
Block,0,4288,9A294725,0,1,1,4294967295,0,0
Block,0,4256,46F0DF88,0,1,1,4294967295,0,0
Block,0,4224,2E73F464,0,1,1,4294967295,0,0
Block,0,4192,BA04393E,0,1,1,4294967295,0,0
Block,0,4160,164BD1FB,0,1,1,4294967295,0,0
Block,0,4384,5F28DE32,0,1,1,4294967295,0,0
Block,768,4416,3CFC026B,0,1,1,4294967295,0,0
Block,768,4384,E296A7DE,0,1,1,4294967295,0,0
Block,768,4352,C6B6D239,0,1,1,4294967295,0,0
Block,768,4320,100468B7,0,1,1,4294967295,0,0
Block,768,4288,2FEE4383,0,1,1,4294967295,0,0
Block,768,4256,1E56A34A,0,1,1,4294967295,0,0
Block,768,4224,FFC03774,0,1,1,4294967295,0,0
Block,768,4192,D784CA22,0,1,1,4294967295,0,0
Block,768,4160,F8875874,0,1,1,4294967295,0,0
Block,768,4128,E5BAE66B,0,1,1,4294967295,0,0
Block,0,4128,F41CDBAE,0,1,1,4294967295,0,0
Block,0,4096,5C3FB544,0,1,1,4294967295,0,0
Block,0,4032,B869A0B1,0,1,1,4294967295,0,0
Block,0,4000,9722718F,0,1,1,4294967295,0,0
Block,0,3968,FACE27B3,0,1,1,4294967295,0,0
Block,0,3936,B1D40FAD,0,1,1,4294967295,0,0
Block,0,3904,61925417,0,1,1,4294967295,0,0
Block,0,3872,FE04A9A5,0,1,1,4294967295,0,0
Block,0,3840,685980CB,0,1,1,4294967295,0,0
Block,0,4064,DDC8F543,0,1,1,4294967295,0,0
Block,768,4096,25726EA0,0,1,1,4294967295,0,0
Block,768,4064,2C7DF880,0,1,1,4294967295,0,0
Block,768,4032,7680F919,0,1,1,4294967295,0,0
Block,768,4000,D679E8FF,0,1,1,4294967295,0,0
Block,768,3968,FAD76260,0,1,1,4294967295,0,0
Block,768,3936,FE824F57,0,1,1,4294967295,0,0
Block,768,3904,AEA3431A,0,1,1,4294967295,0,0
Block,768,3872,982BAE0C,0,1,1,4294967295,0,0
Block,768,3840,06ECF387,0,1,1,4294967295,0,0
Block,768,3808,C73EA122,0,1,1,4294967295,0,0
Block,0,3808,29541A48,0,1,1,4294967295,0,0
Block,0,3776,6719137B,0,1,1,4294967295,0,0
Block,0,3712,6E4F2170,0,1,1,4294967295,0,0
Block,0,3680,47657B7F,0,1,1,4294967295,0,0
Block,0,3648,64A2BA68,0,1,1,4294967295,0,0
Block,0,3616,0446770D,0,1,1,4294967295,0,0
Block,0,3584,3DDB1AB2,0,1,1,4294967295,0,0
Block,0,3552,E5D15A9E,0,1,1,4294967295,0,0
Block,0,3520,DBED592A,0,1,1,4294967295,0,0
Block,0,3744,D6BD41E8,0,1,1,4294967295,0,0
Block,768,3776,AA0B68DC,0,1,1,4294967295,0,0
Block,768,3744,62341442,0,1,1,4294967295,0,0
Block,768,3712,DCF3DEA8,0,1,1,4294967295,0,0
Block,768,3680,AF2D4D15,0,1,1,4294967295,0,0
Block,768,3648,D299C2BE,0,1,1,4294967295,0,0
Block,768,3616,29F7F321,0,1,1,4294967295,0,0
Block,768,3584,C702DAE9,0,1,1,4294967295,0,0
Block,768,3552,DA509A2F,0,1,1,4294967295,0,0
Block,768,3520,EF9E5E2D,0,1,1,4294967295,0,0
Block,768,3488,0C994735,0,1,1,4294967295,0,0
Block,0,3488,2DB7CD2E,0,1,1,4294967295,0,0
Block,0,3456,4BF66F48,0,1,1,4294967295,0,0
Block,0,3392,20A33E5E,0,1,1,4294967295,0,0
Block,0,3360,6853C26C,0,1,1,4294967295,0,0
Block,0,3328,5FEDD4D5,0,1,1,4294967295,0,0
Block,0,3296,5E856760,0,1,1,4294967295,0,0
Block,0,3264,B3A03170,0,1,1,4294967295,0,0
Block,0,3232,23826116,0,1,1,4294967295,0,0
Block,0,3200,D111F876,0,1,1,4294967295,0,0
Block,0,3424,EB6D42FE,0,1,1,4294967295,0,0
Block,768,3456,D8ECE4CB,0,1,1,4294967295,0,0
Block,768,3424,BC3D6056,0,1,1,4294967295,0,0
Block,768,3392,27ECE2A3,0,1,1,4294967295,0,0
Block,768,3360,81D1361C,0,1,1,4294967295,0,0
Block,768,3328,BF2DB1D4,0,1,1,4294967295,0,0
Block,768,3296,0B4126D3,0,1,1,4294967295,0,0
Block,768,3264,C79A164C,0,1,1,4294967295,0,0
Block,768,3232,F9108D95,0,1,1,4294967295,0,0
Block,768,3200,AB78AF4D,0,1,1,4294967295,0,0
Block,768,3168,93C28A07,0,1,1,4294967295,0,0
Block,0,3168,27A3C64A,0,1,1,4294967295,0,0
Block,0,3136,C63DE9EA,0,1,1,4294967295,0,0
Block,0,3072,F043A2E0,0,1,1,4294967295,0,0
Block,0,3040,3E5C6DCF,0,1,1,4294967295,0,0
Block,0,3008,E10F00B2,0,1,1,4294967295,0,0
Block,0,2976,F2333E0C,0,1,1,4294967295,0,0
Block,0,2944,C3815D84,0,1,1,4294967295,0,0
Block,0,2912,80B122CC,0,1,1,4294967295,0,0
Block,0,2880,7C0791C5,0,1,1,4294967295,0,0
Block,0,3104,E3E597C3,0,1,1,4294967295,0,0
Block,768,3136,99772E3C,0,1,1,4294967295,0,0
Block,768,3104,666D4242,0,1,1,4294967295,0,0
Block,768,3072,8551F4FF,0,1,1,4294967295,0,0
Block,768,3040,A7FC7458,0,1,1,4294967295,0,0
Block,768,3008,8AC54134,0,1,1,4294967295,0,0
Block,768,2976,77DF9B37,0,1,1,4294967295,0,0
Block,768,2944,86148DA5,0,1,1,4294967295,0,0
Block,768,2912,C42B7AD7,0,1,1,4294967295,0,0
Block,768,2880,1E7F91D4,0,1,1,4294967295,0,0
Block,768,2848,A3722327,0,1,1,4294967295,0,0
Block,0,2848,2ED4529B,0,1,1,4294967295,0,0
Block,0,2816,3CF8B3C0,0,1,1,4294967295,0,0
Block,0,2752,7FF6D381,0,1,1,4294967295,0,0
Block,0,2720,8354514D,0,1,1,4294967295,0,0
Block,0,2688,0A67358E,0,1,1,4294967295,0,0
Block,0,2656,88C34087,0,1,1,4294967295,0,0
Block,0,2624,28198BFA,0,1,1,4294967295,0,0
Block,0,2592,1AADB46D,0,1,1,4294967295,0,0
Block,0,2560,AA00D256,0,1,1,4294967295,0,0
Block,0,2784,DAF4B5F2,0,1,1,4294967295,0,0
Block,768,2816,7628EBC9,0,1,1,4294967295,0,0
Block,768,2784,037B2F08,0,1,1,4294967295,0,0
Block,768,2752,C0637737,0,1,1,4294967295,0,0
Block,768,2720,B198BB9B,0,1,1,4294967295,0,0
Block,768,2688,D6B2E2F2,0,1,1,4294967295,0,0
Block,768,2656,5294CB47,0,1,1,4294967295,0,0
Block,768,2624,FD935D40,0,1,1,4294967295,0,0
Block,768,2592,2FE453AE,0,1,1,4294967295,0,0
Block,768,2560,97B65A98,0,1,1,4294967295,0,0
Block,768,2528,B7D507D4,0,1,1,4294967295,0,0
Block,0,2528,F41049FB,0,1,1,4294967295,0,0
Block,0,2496,E6D5E2EB,0,1,1,4294967295,0,0
Block,0,2432,49AFCEB6,0,1,1,4294967295,0,0
Block,0,2400,27F2853D,0,1,1,4294967295,0,0
Block,0,2368,7BACF0AF,0,1,1,4294967295,0,0
Block,0,2336,FC3EE0D7,0,1,1,4294967295,0,0
Block,0,2304,3D3C72B2,0,1,1,4294967295,0,0
Block,0,2272,55664E54,0,1,1,4294967295,0,0
Block,0,2240,0787F11C,0,1,1,4294967295,0,0
Block,0,2464,13EC3EA7,0,1,1,4294967295,0,0
Block,768,2496,F5977B01,0,1,1,4294967295,0,0
Block,768,2464,6AA460FB,0,1,1,4294967295,0,0
Block,768,2432,80604CFE,0,1,1,4294967295,0,0
Block,768,2400,556FDFF6,0,1,1,4294967295,0,0
Block,768,2368,E76DBA4E,0,1,1,4294967295,0,0
Block,768,2336,09156D5B,0,1,1,4294967295,0,0
Block,768,2304,AD370C4C,0,1,1,4294967295,0,0
Block,768,2272,75622E40,0,1,1,4294967295,0,0
Block,768,2240,A596AB24,0,1,1,4294967295,0,0
Block,768,2208,7EFCFF8F,0,1,1,4294967295,0,0
Block,0,2208,1958D90A,0,1,1,4294967295,0,0
Block,0,2176,9235C887,0,1,1,4294967295,0,0
Block,0,2112,887ECB97,0,1,1,4294967295,0,0
Block,0,2080,4F6F2214,0,1,1,4294967295,0,0
Block,0,2048,AFA25974,0,1,1,4294967295,0,0
Block,0,2016,7240836E,0,1,1,4294967295,0,0
Block,0,1984,36BC2296,0,1,1,4294967295,0,0
Block,0,1952,BA602A3D,0,1,1,4294967295,0,0
Block,0,1920,1B30AFD4,0,1,1,4294967295,0,0
Block,0,2144,42B3A84B,0,1,1,4294967295,0,0
Block,768,2176,3998B64B,0,1,1,4294967295,0,0
Block,768,2144,99D58ECC,0,1,1,4294967295,0,0
Block,768,2112,49CFEBBF,0,1,1,4294967295,0,0
Block,768,2080,BEA3850A,0,1,1,4294967295,0,0
Block,768,2048,FA8B190D,0,1,1,4294967295,0,0
Block,768,2016,0C9B1B6B,0,1,1,4294967295,0,0
Block,768,1984,EA1ADCB3,0,1,1,4294967295,0,0
Block,768,1952,252FCE47,0,1,1,4294967295,0,0
Block,768,1920,247ACC3D,0,1,1,4294967295,0,0
Block,768,1888,EE59D525,0,1,1,4294967295,0,0
Block,0,1888,DCA9FB8C,0,1,1,4294967295,0,0
Block,0,1856,450C6D42,0,1,1,4294967295,0,0
Block,0,1792,55ABDC68,0,1,1,4294967295,0,0
Block,0,1760,529B13E6,0,1,1,4294967295,0,0
Block,0,1728,E138C111,0,1,1,4294967295,0,0
Block,0,1696,50269FE1,0,1,1,4294967295,0,0
Block,0,1664,1AC45465,0,1,1,4294967295,0,0
Block,0,1632,47E48112,0,1,1,4294967295,0,0
Block,0,1600,0CCF3471,0,1,1,4294967295,0,0
Block,0,1824,3601C9AA,0,1,1,4294967295,0,0
Block,768,1856,1108FCF6,0,1,1,4294967295,0,0
Block,768,1824,F1A1F3BD,0,1,1,4294967295,0,0
Block,768,1792,0F0525CA,0,1,1,4294967295,0,0
Block,768,1760,2C66B3A7,0,1,1,4294967295,0,0
Block,768,1728,DCBC392C,0,1,1,4294967295,0,0
Block,768,1696,22F2709F,0,1,1,4294967295,0,0
Block,768,1664,C1C25564,0,1,1,4294967295,0,0
Block,768,1632,04996CC7,0,1,1,4294967295,0,0
Block,768,1600,1CD25E2E,0,1,1,4294967295,0,0
Block,768,1568,41237403,0,1,1,4294967295,0,0
Block,0,1568,365CF1D2,0,1,1,4294967295,0,0
Block,0,1536,26F22759,0,1,1,4294967295,0,0
Block,0,1472,749C6A21,0,1,1,4294967295,0,0
Block,0,1440,22249217,0,1,1,4294967295,0,0
Block,0,1408,37695392,0,1,1,4294967295,0,0
Block,0,1376,55D36C83,0,1,1,4294967295,0,0
Block,0,1344,A79C2BA6,0,1,1,4294967295,0,0
Block,0,1312,2EDCB06E,0,1,1,4294967295,0,0
Block,0,1280,BD2E537D,0,1,1,4294967295,0,0
Block,0,1504,1E32090B,0,1,1,4294967295,0,0
Block,768,1536,4CE21938,0,1,1,4294967295,0,0
Block,768,1504,1B2C2C3D,0,1,1,4294967295,0,0
Block,768,1472,C0EFA55A,0,1,1,4294967295,0,0
Block,768,1440,362F123D,0,1,1,4294967295,0,0
Block,768,1408,28EE9E7D,0,1,1,4294967295,0,0
Block,768,1376,77CA378C,0,1,1,4294967295,0,0
Block,768,1344,3DAFBC46,0,1,1,4294967295,0,0
Block,768,1312,1A90EF06,0,1,1,4294967295,0,0
Block,768,1280,F37ECD57,0,1,1,4294967295,0,0
Block,768,1248,2944B8D6,0,1,1,4294967295,0,0
Block,0,1248,00A2B66F,0,1,1,4294967295,0,0
Block,0,1216,B4421E27,0,1,1,4294967295,0,0
Block,0,1152,67C269C3,0,1,1,4294967295,0,0
Block,0,1120,901F8B5A,0,1,1,4294967295,0,0
Block,0,1088,5679B2FB,0,1,1,4294967295,0,0
Block,0,1056,73EB71E5,0,1,1,4294967295,0,0
Block,0,1024,4E7721F9,0,1,1,4294967295,0,0
Block,0,992,A8B7020A,0,1,1,4294967295,0,0
Block,0,960,0F35578B,0,1,1,4294967295,0,0
Block,0,1184,42062117,0,1,1,4294967295,0,0
Block,768,1216,5369611D,0,1,1,4294967295,0,0
Block,768,1184,F250943C,0,1,1,4294967295,0,0
Block,768,1152,2A474EAC,0,1,1,4294967295,0,0
Block,768,1120,B5369A69,0,1,1,4294967295,0,0
Block,768,1088,5315539D,0,1,1,4294967295,0,0
Block,768,1056,5B151D28,0,1,1,4294967295,0,0
Block,768,1024,C98FABF8,0,1,1,4294967295,0,0
Block,768,992,B8B771F9,0,1,1,4294967295,0,0
Block,768,960,2C36BD03,0,1,1,4294967295,0,0
Block,768,928,49288E8A,0,1,1,4294967295,0,0
Block,0,928,FF2B8071,0,1,1,4294967295,0,0
Block,0,896,B1C99C97,0,1,1,4294967295,0,0
Block,0,832,8EF76515,0,1,1,4294967295,0,0
Block,0,800,E9523DD0,0,1,1,4294967295,0,0
Block,0,768,CFB9DA26,0,1,1,4294967295,0,0
Block,0,736,D09639D9,0,1,1,4294967295,0,0
Block,0,704,59E2BCA3,0,1,1,4294967295,0,0
Block,0,672,A395A72E,0,1,1,4294967295,0,0
Block,0,640,5F480712,0,1,1,4294967295,0,0
Block,0,864,8D2ECAD6,0,1,1,4294967295,0,0
Block,768,896,6EFEE099,0,1,1,4294967295,0,0
Block,768,864,9987DB08,0,1,1,4294967295,0,0
Block,768,832,B5237F9A,0,1,1,4294967295,0,0
Block,768,800,EA69164A,0,1,1,4294967295,0,0
Block,768,768,9266FD1D,0,1,1,4294967295,0,0
Block,768,736,46C8B2E8,0,1,1,4294967295,0,0
Block,768,704,FA285A2E,0,1,1,4294967295,0,0
Block,768,672,7125FC94,0,1,1,4294967295,0,0
Block,768,640,D7009C52,0,1,1,4294967295,0,0
Block,768,608,CCFFC5CA,0,1,1,4294967295,0,0
Block,0,608,55706B4B,0,1,1,4294967295,0,0
Block,0,576,4819DCE4,0,1,1,4294967295,0,0
Block,0,512,E5F345D6,0,1,1,4294967295,0,0
Block,0,480,A859962C,0,1,1,4294967295,0,0
Block,0,448,F19662B6,0,1,1,4294967295,0,0
Block,0,416,0BC11ECF,0,1,1,4294967295,0,0
Block,0,384,D1966A01,0,1,1,4294967295,0,0
Block,0,352,024B0C61,0,1,1,4294967295,0,0
Block,0,320,F984A054,0,1,1,4294967295,0,0
Block,0,544,B1B2909F,0,1,1,4294967295,0,0
Block,768,576,83EDED97,0,1,1,4294967295,0,0
Block,768,544,87E15050,0,1,1,4294967295,0,0
Block,768,512,8B945E21,0,1,1,4294967295,0,0
Block,768,480,0A58525D,0,1,1,4294967295,0,0
Block,768,448,D62D9B68,0,1,1,4294967295,0,0
Block,768,416,314EE491,0,1,1,4294967295,0,0
Block,768,384,E38C7636,0,1,1,4294967295,0,0
Block,768,352,20D6ACAA,0,1,1,4294967295,0,0
Block,768,320,D30A115D,0,1,1,4294967295,0,0
Block,768,288,D26E6D30,0,1,1,4294967295,0,0
Block,0,288,4266BED7,0,1,1,4294967295,0,0
Block,0,256,A4562AA6,0,1,1,4294967295,0,0
Block,0,224,6698A78D,0,1,1,4294967295,0,0
Block,0,192,8421D72D,0,1,1,4294967295,0,0
Block,0,160,D7C67974,0,1,1,4294967295,0,0
Block,0,128,B4F99E67,0,1,1,4294967295,0,0
Block,0,96,9C477348,0,1,1,4294967295,0,0
Block,0,64,FC2162DB,0,1,1,4294967295,0,0
Block,0,32,E58409A7,0,1,1,4294967295,0,0
Block,0,0,03993F46,0,1,1,4294967295,0,0
Block,32,0,64FB57DB,0,1,1,4294967295,0,0
Block,64,0,582FA340,0,1,1,4294967295,0,0
Block,96,0,BEE46A07,0,1,1,4294967295,0,0
Block,128,0,E016498E,0,1,1,4294967295,0,0
Block,160,0,CDD3E6DD,0,1,1,4294967295,0,0
Block,192,0,5EA24545,0,1,1,4294967295,0,0
Block,224,0,86AB5783,0,1,1,4294967295,0,0
Block,256,0,E2258DFE,0,1,1,4294967295,0,0
Block,288,0,D9819CD1,0,1,1,4294967295,0,0
Block,320,0,3FF95847,0,1,1,4294967295,0,0
Block,448,0,A48B2135,0,1,1,4294967295,0,0
Block,480,0,5CECB8D0,0,1,1,4294967295,0,0
Block,512,0,F35235C1,0,1,1,4294967295,0,0
Block,544,0,2EE6A673,0,1,1,4294967295,0,0
Block,576,0,0F633BC2,0,1,1,4294967295,0,0
Block,608,0,08BB830B,0,1,1,4294967295,0,0
Block,640,0,0F4056F2,0,1,1,4294967295,0,0
Block,672,0,81CBA8FD,0,1,1,4294967295,0,0
Block,704,0,0DC85645,0,1,1,4294967295,0,0
Block,736,0,F08BAC08,0,1,1,4294967295,0,0
Block,768,0,4B99DB08,0,1,1,4294967295,0,0
Block,768,32,E5ED0DA6,0,1,1,4294967295,0,0
Block,768,64,F395A7A8,0,1,1,4294967295,0,0
Block,768,96,80ED9071,0,1,1,4294967295,0,0
Block,768,128,1C55A0E1,0,1,1,4294967295,0,0
Block,768,160,41D9F5C6,0,1,1,4294967295,0,0
Block,768,192,9EAD9776,0,1,1,4294967295,0,0
Block,768,224,12E1C9E9,0,1,1,4294967295,0,0
Block,768,256,32B90640,0,1,1,4294967295,0,0
Block,352,5952,8710519C,0,1,1,4294967295,0,0
Block,384,5952,BF30974B,0,1,1,4294967295,0,0
Block,416,5952,EB1CB449,0,1,1,4294967295,0,0
Block,352,6016,5FB3DD6A,0,1,1,4294967295,0,0
Block,352,5984,FA98FF96,0,1,1,4294967295,0,0
Block,416,5984,FA10B716,0,1,1,4294967295,0,0
Block,416,6016,B9B3B61A,0,1,1,4294967295,0,0
objRandFieldController,32,5344,3524220A,0,23,15,4294967295,0,1
objRandFieldController,32,3616,FF8C26B6,0,23,36,4294967295,0,1
objRandFieldController,32,1408,AB9E6213,0,23,30,4294967295,0,1
objRandFieldController,32,544,04AB0638,0,23,26,4294967295,0,1
Cherry,48,6032,EF9B6CD5,0,1,1,4294967295,0,0
Cherry,752,6032,57CA9701,0,1,1,4294967295,0,0
Cherry,752,48,04064042,0,1,1,4294967295,0,0
Cherry,48,48,059F737A,0,1,1,4294967295,0,0
SaveHard,384,5920,E694082A,0,1,1,4294967295,0,0
PlatformTouch,64,5984,B45EEB51,0,21,1,4294967295,0,1
Camera,384,5888,20E94D3D,0,1,1,4294967295,0,1
objBruteSAttackSpike,64,4768,B26B2BFE,0,1,1,4294967295,0,0
objBruteSAttackSpike,96,4768,878611FC,0,1,1,4294967295,0,0
objBruteSAttackSpike,128,4768,A38BC0E5,0,1,1,4294967295,0,0
objBruteSAttackSpike,160,4768,39D1BBFD,0,1,1,4294967295,0,0
objBruteSAttackSpike,192,4768,BD2C1B41,0,1,1,4294967295,0,0
objBruteSAttackSpike,224,4768,255D3A3F,0,1,1,4294967295,0,0
objBruteSAttackSpike,256,4768,5F7F8BCE,0,1,1,4294967295,0,0
objBruteSAttackSpike,288,4768,323527FA,0,1,1,4294967295,0,0
objBruteSAttackSpike,320,4768,7CFE64B4,0,1,1,4294967295,0,0
objBruteSAttackSpike,352,4768,9A1D4ECF,0,1,1,4294967295,0,0
objBruteSAttackSpike,384,4768,F358E018,0,1,1,4294967295,0,0
objBruteSAttackSpike,416,4768,EB8B6F1A,0,1,1,4294967295,0,0
objBruteSAttackSpike,448,4768,02AF5E81,0,1,1,4294967295,0,0
objBruteSAttackSpike,480,4768,1995A978,0,1,1,4294967295,0,0
objBruteSAttackSpike,512,4768,B5ED6B19,0,1,1,4294967295,0,0
objBruteSAttackSpike,544,4768,7248C383,0,1,1,4294967295,0,0
objBruteSAttackSpike,576,4768,5D55E132,0,1,1,4294967295,0,0
objBruteSAttackSpike,608,4768,5194E69F,0,1,1,4294967295,0,0
objBruteSAttackSpike,640,4768,E019FBC8,0,1,1,4294967295,0,0
objBruteSAttackSpike,672,4768,729A9D13,0,1,1,4294967295,0,0
objBruteSAttackSpike,704,4768,5F5A9A02,0,1,1,4294967295,0,0
objKTGLaserH,32,4576,7FDBC2FF,0,23,1,4294967295,0,0
objKTGLaserH,32,4384,E0B1A980,0,23,1,4294967295,0,0
objKTGLaserH,32,4192,82304D52,0,23,1,4294967295,0,0
objKTGLaserH,32,4000,91E84888,0,23,1,4294967295,0,0
objKTGLaserH,32,3808,3DD96B6C,0,23,1,4294967295,0,0
objKTGLaserH,32,3616,CBF52E77,0,23,1,4294967295,0,0
objBruteSAttackTail,400,5280,B93C26C9,0,1,1,4294967295,0,0
RoomChanger,320,-32,70096E97,0,5,1,4294967295,0,1
objBrutePlatformSpeed,384,5312,51F14CFD,0,1,1,4294967295,0,1
objBrutePlatformSpeed,384,4800,B7B08B2E,0,1,1,4294967295,0,1
objBrutePlatformSpeed,384,496,CE0E4BFA,0,1,1,4294967295,0,1
objBrutePlatformSpeed,384,16,E39CA060,0,1,1,4294967295,0,1
objBruteDTBlock,352,0,FB607EFD,0,3,1,4294967295,0,0
objBruteDTBlock,32,512,FBA82B0E,0,23,1,4294967295,0,0
objBruteDTTrigger,32,480,C2A4F991,0,23,1,4294967295,0,0
objBruteDTWall,352,0,332BA485,0,1,1,4294967295,0,0
objBruteDTWall,384,0,3B09524C,0,1,1,4294967295,0,0
objBruteDTWall,416,0,C377287F,0,1,1,4294967295,0,0
objBruteCoolGuyBill,384,3520,C93DF23A,0,1,1,4294967295,0,0
objBruteCoolGuyBill,384,3424,05CC57EC,0,1,1,4294967295,0,0
objBruteCoolGuyBill,384,3472,E64FA0A7,0,1,1,4294967295,0,0
objBruteCoolGuyBill,384,3376,7EA79440,0,1,1,4294967295,0,0
objBruteCoolGuyBill,384,3328,A27F96EF,0,1,1,4294967295,0,0
objBruteCoolGuyBill,384,3232,1F2D327C,0,1,1,4294967295,0,0
objBruteCoolGuyBill,384,3280,A5CEED7E,0,1,1,4294967295,0,0
objBruteCoolGuyBill,384,3184,7E589596,0,1,1,4294967295,0,0
objBruteCoolGuyBill,384,3136,51052962,0,1,1,4294967295,0,0
objBruteCoolGuyBill,384,3040,92E87959,0,1,1,4294967295,0,0
objBruteCoolGuyBill,384,3088,04C9620F,0,1,1,4294967295,0,0
objBruteCoolGuyBill,384,2944,79C06C36,0,1,1,4294967295,0,0
objBruteCoolGuyBill,384,2848,C47C6626,0,1,1,4294967295,0,0
objBruteCoolGuyBill,384,2896,797A9C8E,0,1,1,4294967295,0,0
objBruteCoolGuyBill,384,2800,0A01E2C4,0,1,1,4294967295,0,0
objBruteCoolGuyBill,384,2752,88364378,0,1,1,4294967295,0,0
objBruteCoolGuyBill,384,2656,C4AA248C,0,1,1,4294967295,0,0
objBruteCoolGuyBill,384,2704,F47B1E7A,0,1,1,4294967295,0,0
objBruteCoolGuyBill,384,2608,6F61EF62,0,1,1,4294967295,0,0
objBruteCoolGuyBill,384,2464,0598CCE4,0,1,1,4294967295,0,0
objBruteCoolGuyBill,384,2512,7CF23EBD,0,1,1,4294967295,0,0
objBruteCoolGuyBill,384,2416,53818387,0,1,1,4294967295,0,0
PlayerStart,384,5920,5A4F4998,0,1,1,4294967295,0,0
