Block,768,0,BE1FD41F,0,1,1,4294967295,0,0
Block,768,96,4B746291,0,1,1,4294967295,0,0
Block,768,128,84705CF1,0,1,1,4294967295,0,0
Block,768,160,0DEDA7C3,0,1,1,4294967295,0,0
Block,768,192,C5D85A89,0,1,1,4294967295,0,0
Block,768,224,1A1C9DE3,0,1,1,4294967295,0,0
Block,768,256,68A0E565,0,1,1,4294967295,0,0
Block,768,288,9586C953,0,1,1,4294967295,0,0
Block,768,320,9BFE3BA8,0,1,1,4294967295,0,0
Block,768,352,0F9F952A,0,1,1,4294967295,0,0
Block,768,384,09CB0A1A,0,1,1,4294967295,0,0
Block,768,416,DCF8C2F4,0,1,1,4294967295,0,0
Block,768,448,91222106,0,1,1,4294967295,0,0
Block,736,576,9404AE1B,0,1,1,4294967295,0,0
Block,768,576,A80AC560,0,1,1,4294967295,0,0
Block,704,576,A669F653,0,1,1,4294967295,0,0
Block,768,480,4E4E0294,0,1,1,4294967295,0,0
Block,0,0,13B7A3D7,0,1,1,4294967295,0,0
Block,0,32,B6B18E9A,0,1,1,4294967295,0,0
Block,0,64,997B7694,0,1,1,4294967295,0,0
Block,0,96,2B3B711D,0,1,1,4294967295,0,0
Block,0,128,08B56A2D,0,1,1,4294967295,0,0
Block,0,160,9EB31537,0,1,1,4294967295,0,0
Block,0,192,AA4EFA09,0,1,1,4294967295,0,0
Block,0,224,C1294D2B,0,1,1,4294967295,0,0
Block,0,256,9973ACE1,0,1,1,4294967295,0,0
Block,0,288,9224A42D,0,1,1,4294967295,0,0
Block,0,320,71DF474F,0,1,1,4294967295,0,0
Block,0,352,A450DC4F,0,1,1,4294967295,0,0
Block,0,384,9E6783A6,0,1,1,4294967295,0,0
Block,0,416,9FFA4698,0,1,1,4294967295,0,0
Block,0,448,A962705F,0,1,1,4294967295,0,0
Block,0,480,84151212,0,1,1,4294967295,0,0
Block,0,512,3128A690,0,1,1,4294967295,0,0
Block,0,544,80891156,0,1,1,4294967295,0,0
Block,0,576,C33A0B3C,0,1,1,4294967295,0,0
Block,32,576,1D80DCB4,0,1,1,4294967295,0,0
Block,64,576,8D2EE0CC,0,1,1,4294967295,0,0
Block,96,544,C19BDB79,0,1,1,4294967295,0,0
Block,96,576,350397F8,0,1,1,4294967295,0,0
Block,288,576,CC89255B,0,1,1,4294967295,0,0
Block,288,352,6ADC2585,0,1,1,4294967295,0,0
Block,288,320,30861A97,0,1,1,4294967295,0,0
Block,288,288,7C3182BD,0,1,1,4294967295,0,0
Block,288,256,936CFA2C,0,1,1,4294967295,0,0
Block,288,224,0735AA9B,0,1,1,4294967295,0,0
Block,288,0,E8A5AB31,0,1,1,4294967295,0,0
Block,512,0,3864A951,0,1,1,4294967295,0,0
Block,512,224,960D2F66,0,1,1,4294967295,0,0
Block,512,256,A41C5D95,0,1,1,4294967295,0,0
Block,512,288,D863A658,0,1,1,4294967295,0,0
Block,512,320,72495B37,0,1,1,4294967295,0,0
Block,512,352,20002A47,0,1,1,4294967295,0,0
Block,512,576,B054C514,0,1,1,4294967295,0,0
Block,64,64,13E2FE4B,0,1,1,4294967295,0,0
Block,192,64,23847E51,0,1,1,4294967295,0,0
Block,192,160,D370FD4E,0,1,1,4294967295,0,0
Block,64,160,EEFE0DB7,0,1,1,4294967295,0,0
Block,64,256,B159C88D,0,1,1,4294967295,0,0
Block,64,352,12B6EA1D,0,1,1,4294967295,0,0
Block,192,352,63E65493,0,1,1,4294967295,0,0
Block,192,256,FDE662D8,0,1,1,4294967295,0,0
Block,192,448,CA5B8E48,0,1,1,4294967295,0,0
Block,352,448,AF8B1B5D,0,1,1,4294967295,0,0
Block,352,320,FE410FCE,0,1,1,4294967295,0,0
Block,352,192,4D531260,0,1,1,4294967295,0,0
Block,352,64,33F90823,0,1,1,4294967295,0,0
Block,448,64,6E1A7F65,0,1,1,4294967295,0,0
Block,448,192,AE2101D6,0,1,1,4294967295,0,0
Block,448,320,214A7015,0,1,1,4294967295,0,0
Block,448,448,FF9C5A6F,0,1,1,4294967295,0,0
Block,576,448,B9DB6917,0,1,1,4294967295,0,0
Block,576,320,D4CB3858,0,1,1,4294967295,0,0
Block,576,192,2DED44A4,0,1,1,4294967295,0,0
Block,576,64,35B2B551,0,1,1,4294967295,0,0
Block,704,64,C622A06F,0,1,1,4294967295,0,0
Block,704,192,246D6097,0,1,1,4294967295,0,0
Block,704,320,7FFFED00,0,1,1,4294967295,0,0
Block,704,448,5AED37EF,0,1,1,4294967295,0,0
Block,448,544,81B57FD3,0,1,1,4294967295,0,0
Block,352,544,2C7A8FD6,0,1,1,4294967295,0,0
Block,192,544,29CD0B88,0,1,1,4294967295,0,0
Block,64,448,003F24B8,0,1,1,4294967295,0,0
Block,576,544,0017499E,0,1,1,4294967295,0,0
objRandDestroyer,704,512,C4D39FFE,0,3,3,4294967295,0,0
objRandDestroyer,0,544,805A2E12,0,4,2,4294967295,0,0
objSkycladSwitch,64,544,00312F0A,0,1,1,4294967295,0,0
objRandDestroyer,768,32,1B377EDE,0,2,2,4294967295,0,0
objRandDestroyer,302,0,FFE9ECF3,0,0.125,19,4294967295,0,1
objRandDestroyer,526,0,CBD1B5F8,0,0.125,19,4294967295,0,1
objRandDestroyer,751,32,4245FE88,0,1,2,4294967295,0,1
objSkycladBlack,736,448,00368E9B,0,1,1,4294967295,0,0
SaveHard,736,544,F08DA047,0,1,1,4294967295,0,0
RoomChanger,800,0,15CEBE89,0,1,4,4294967295,0,1
objSkycladDentou,768,544,0033A7EE,0,1,1,4294967295,0,0
objSkycladDentou,32,544,0029611B,0,1,1,4294967295,0,0
objRandController,704,480,002CA601,0,1,1,4294967295,0,1
objRandController,736,480,003E161A,0,1,1,4294967295,0,1
SaveBlocker,672,544,00203095,0,1,1,4294967295,0,0
RoomChanger,800,480,A85427F3,0,1,4,4294967295,0,1
objSkycladCreateWall,288,224,002B143E,0,1,1,4294967295,0,1
objSkycladCreateWall,512,224,00268B22,0,1,1,4294967295,0,1
objSkycladCreateWall,288,352,00304064,0,1,1,4294967295,0,1
objSkycladCreateWall,512,352,001CFC84,0,1,1,4294967295,0,1
objSkycladCreateWall,768,96,00051149,0,1,1,4294967295,0,1
PlayerStart,704,544,55C98F20,0,1,1,4294967295,0,0
