Block,0,512,E816383C,0,1,1,4294967295,0,0
Block,32,512,278C7F11,0,1,1,4294967295,0,0
Block,64,512,44DC6B28,0,1,1,4294967295,0,0
Block,64,544,A99E9529,0,1,1,4294967295,0,0
Block,64,576,AFBE43B5,0,1,1,4294967295,0,0
Block,1568,512,3A9E8CD8,0,1,1,4294967295,0,0
Block,1568,544,D390275B,0,1,1,4294967295,0,0
Block,1568,576,8FC0C307,0,1,1,4294967295,0,0
Block,1472,512,5A1DC077,0,1,1,4294967295,0,0
Block,1472,544,5B1AC227,0,1,1,4294967295,0,0
Block,1472,576,93D1D20B,0,1,1,4294967295,0,0
objRandDestroyer,1472,512,78991FBD,0,4,3,4294967295,0,0
objRandDestroyer,0,448,AABAD31A,0,3,5,4294967295,0,0
objRandController,32,32,A3D4862B,0,1,1,4294967295,0,1
SaveHard,32,480,4DE9AF0D,0,1,1,4294967295,0,0
objWarpNext,1520,576,9DDD58E5,0,1,1,4294967295,0,0
objMagicGirlRain,64,32,003D33D6,0,1,1,4294967295,0,0
Camera,96,32,3BF6BBE2,0,1,1,4294967295,0,1
PlayerStart,32,480,5507DDEC,0,1,1,4294967295,0,0
