Block,0,576,1A6FB152,0,3,1,4294967295,0,0
Block,-32,0,358354DE,0,1,1,4294967295,0,0
Block,-32,32,72B24B68,0,1,1,4294967295,0,0
Block,-32,64,C0389103,0,1,1,4294967295,0,0
Block,-32,96,0769C8D9,0,1,1,4294967295,0,0
Block,-32,128,29D5720A,0,1,1,4294967295,0,0
Block,-32,160,85DF1F43,0,1,1,4294967295,0,0
Block,-32,192,A8447332,0,1,1,4294967295,0,0
Block,-32,224,03398048,0,1,1,4294967295,0,0
Block,-32,256,9BF069D3,0,1,1,4294967295,0,0
Block,-32,288,EDDDC17F,0,1,1,4294967295,0,0
Block,-32,320,BC2B5B06,0,1,1,4294967295,0,0
Block,-32,352,4A53432E,0,1,1,4294967295,0,0
Block,-32,576,DEDDA392,0,1,1,4294967295,0,0
Block,-32,544,60697F77,0,1,1,4294967295,0,0
Block,-32,512,225E9F05,0,1,1,4294967295,0,0
Block,-32,480,43C56102,0,1,1,4294967295,0,0
Block,-32,448,AED1B583,0,1,1,4294967295,0,0
Block,-32,416,BB4E5446,0,1,1,4294967295,0,0
Block,-32,384,78CB58EC,0,1,1,4294967295,0,0
objRandDestroyer,0,512,26E1BD54,0,3,3,4294967295,0,0
objRandDestroyer,640,256,CCAEF8F3,0,3,3,4294967295,0,0
objFinalBossWarpTimer,672,288,80A45922,0,1,1,4294967295,0,0
objRandController,32,96,A3D4862B,0,1,1,4294967295,0,1
objFinalBossTimer,64,32,003C082D,0,1,1,4294967295,0,0
PlayerStart,0,544,4B8B70C2,0,1,1,4294967295,0,0
