objRandDestroyer,0,512,26E1BD54,0,3,3,4294967295,0,0
objRandDestroyer,1504,512,F40CB8D8,0,3,3,4294967295,0,0
objMStageEye,64,544,0B60D936,0,1,1,4294967295,0,0
SaveHard,32,544,B580338D,0,1,1,4294967295,0,0
objRandController,32,32,A3D4862B,0,1,1,4294967295,0,1
objMStageBlock,1504,576,D8E5651A,0,1,1,4294967295,0,0
objMStageBlock,1536,576,D6E5C181,0,1,1,4294967295,0,0
objMStageBlock,1568,576,CBA069D6,0,1,1,4294967295,0,0
objMStageBlock,0,576,A889C522,0,1,1,4294967295,0,0
objMStageBlock,32,576,E512C17B,0,1,1,4294967295,0,0
objMStageBlock,64,576,B11531BF,0,1,1,4294967295,0,0
objRandController,64,32,00058B4E,0,1,1,4294967295,0,1
Camera,96,32,ECC4A8BF,0,1,1,4294967295,0,1
SaveHard,1536,544,10AABF0F,0,1,1,4294967295,0,0
objMStageBlock,1568,480,DD77CC55,0,1,1,4294967295,0,0
objMStageBlock,1568,448,4FE40003,0,1,1,4294967295,0,0
objMStageBlock,1568,416,F1BFA0DE,0,1,1,4294967295,0,0
objMStageBlock,1568,384,BE54111B,0,1,1,4294967295,0,0
objMStageBlock,1568,352,44922DC3,0,1,1,4294967295,0,0
objMStageBlock,1568,320,8FF5B0E9,0,1,1,4294967295,0,0
objMStageBlock,1568,288,41BE6B6F,0,1,1,4294967295,0,0
objMStageBlock,1568,256,8C5DBD04,0,1,1,4294967295,0,0
objMStageBlock,1568,224,AED1C164,0,1,1,4294967295,0,0
objMStageBlock,1568,192,99387083,0,1,1,4294967295,0,0
objMStageBlock,1568,160,691EA661,0,1,1,4294967295,0,0
objMStageBlock,1568,128,220503C3,0,1,1,4294967295,0,0
objMStageBlock,1568,96,C38DA860,0,1,1,4294967295,0,0
objMStageBlock,1568,64,805AFE66,0,1,1,4294967295,0,0
objMStageBlock,1568,32,4C81545E,0,1,1,4294967295,0,0
objMStageBlock,1568,0,7B1A5E99,0,1,1,4294967295,0,0
RoomChanger,1600,480,7B294A28,0,1,4,4294967295,0,1
PlayerStart,32,544,4B8B70C2,0,1,1,4294967295,0,0
objFinalBossEndLight,1568,608,5E1A2235,0,1,1,4294967295,0,0
