bTilesStage5,0,352,0,32,32,32,0,1,1,4294967295
bTilesStage5,128,352,0,32,32,32,0,1,1,4294967295
bTilesStage5,96,352,0,32,32,32,0,1,1,4294967295
bTilesStage5,64,352,0,32,32,32,0,1,1,4294967295
bTilesStage5,32,352,0,32,32,32,0,1,1,4294967295
bTilesStage5,160,352,0,32,32,32,0,1,1,4294967295
bTilesStage5,192,352,0,32,32,32,0,1,1,4294967295
bTilesStage5,224,352,0,32,32,32,0,1,1,4294967295
bTilesStage5,256,352,0,32,32,32,0,1,1,4294967295
bTilesStage5,288,352,0,32,32,32,0,1,1,4294967295
bTilesStage5,320,352,0,32,32,32,0,1,1,4294967295
bTilesStage5,352,352,0,32,32,32,0,1,1,4294967295
bTilesStage5,384,352,0,32,32,32,0,1,1,4294967295
bTilesStage5,416,352,0,32,32,32,0,1,1,4294967295
bTilesStage5,448,352,0,32,32,32,0,1,1,4294967295
bTilesStage5,480,352,0,32,32,32,0,1,1,4294967295
bTilesStage5,512,352,0,32,32,32,0,1,1,4294967295
bTilesStage5,544,352,0,32,32,32,0,1,1,4294967295
bTilesStage5,576,352,0,32,32,32,0,1,1,4294967295
bTilesStage5,608,352,0,32,32,32,0,1,1,4294967295
bTilesStage5,640,352,0,32,32,32,0,1,1,4294967295
bTilesStage5,672,352,0,32,32,32,0,1,1,4294967295
bTilesStage5,704,352,0,32,32,32,0,1,1,4294967295
bTilesColor,0,384,160,192,32,32,0,1,1,4294967295
bTilesColor,32,384,160,192,32,32,0,1,1,4294967295
bTilesColor,64,384,160,192,32,32,0,1,1,4294967295
bTilesColor,96,384,160,192,32,32,0,1,1,4294967295
bTilesColor,128,384,160,192,32,32,0,1,1,4294967295
bTilesColor,160,384,160,192,32,32,0,1,1,4294967295
bTilesColor,192,384,160,192,32,32,0,1,1,4294967295
bTilesColor,224,384,160,192,32,32,0,1,1,4294967295
bTilesColor,256,384,160,192,32,32,0,1,1,4294967295
bTilesColor,288,384,160,192,32,32,0,1,1,4294967295
bTilesColor,320,384,160,192,32,32,0,1,1,4294967295
bTilesColor,352,384,160,192,32,32,0,1,1,4294967295
bTilesColor,384,384,160,192,32,32,0,1,1,4294967295
bTilesColor,416,384,160,192,32,32,0,1,1,4294967295
bTilesColor,448,384,160,192,32,32,0,1,1,4294967295
bTilesColor,480,384,160,192,32,32,0,1,1,4294967295
bTilesColor,512,384,160,192,32,32,0,1,1,4294967295
bTilesColor,544,384,160,192,32,32,0,1,1,4294967295
bTilesColor,576,384,160,192,32,32,0,1,1,4294967295
bTilesColor,608,384,160,192,32,32,0,1,1,4294967295
bTilesColor,640,384,160,192,32,32,0,1,1,4294967295
bTilesColor,672,384,160,192,32,32,0,1,1,4294967295
bTilesColor,704,384,160,192,32,32,0,1,1,4294967295
bTilesColor,704,416,160,192,32,32,0,1,1,4294967295
bTilesColor,672,416,160,192,32,32,0,1,1,4294967295
bTilesColor,640,416,160,192,32,32,0,1,1,4294967295
bTilesColor,608,416,160,192,32,32,0,1,1,4294967295
bTilesColor,576,416,160,192,32,32,0,1,1,4294967295
bTilesColor,544,416,160,192,32,32,0,1,1,4294967295
bTilesColor,512,416,160,192,32,32,0,1,1,4294967295
bTilesColor,480,416,160,192,32,32,0,1,1,4294967295
bTilesColor,448,416,160,192,32,32,0,1,1,4294967295
bTilesColor,416,416,160,192,32,32,0,1,1,4294967295
bTilesColor,384,416,160,192,32,32,0,1,1,4294967295
bTilesColor,352,416,160,192,32,32,0,1,1,4294967295
bTilesColor,320,416,160,192,32,32,0,1,1,4294967295
bTilesColor,288,416,160,192,32,32,0,1,1,4294967295
bTilesColor,256,416,160,192,32,32,0,1,1,4294967295
bTilesColor,224,416,160,192,32,32,0,1,1,4294967295
bTilesColor,192,416,160,192,32,32,0,1,1,4294967295
bTilesColor,160,416,160,192,32,32,0,1,1,4294967295
bTilesColor,128,416,160,192,32,32,0,1,1,4294967295
bTilesColor,96,416,160,192,32,32,0,1,1,4294967295
bTilesColor,64,416,160,192,32,32,0,1,1,4294967295
bTilesColor,32,416,160,192,32,32,0,1,1,4294967295
bTilesColor,0,416,160,192,32,32,0,1,1,4294967295
bTilesColor,0,448,160,192,32,32,0,1,1,4294967295
bTilesColor,0,480,160,192,32,32,0,1,1,4294967295
bTilesColor,0,512,160,192,32,32,0,1,1,4294967295
bTilesColor,0,544,160,192,32,32,0,1,1,4294967295
bTilesColor,0,576,160,192,32,32,0,1,1,4294967295
bTilesColor,32,576,160,192,32,32,0,1,1,4294967295
bTilesColor,32,544,160,192,32,32,0,1,1,4294967295
bTilesColor,32,512,160,192,32,32,0,1,1,4294967295
bTilesColor,32,480,160,192,32,32,0,1,1,4294967295
bTilesColor,32,448,160,192,32,32,0,1,1,4294967295
bTilesColor,64,448,160,192,32,32,0,1,1,4294967295
bTilesColor,64,480,160,192,32,32,0,1,1,4294967295
bTilesColor,64,512,160,192,32,32,0,1,1,4294967295
bTilesColor,64,544,160,192,32,32,0,1,1,4294967295
bTilesColor,64,576,160,192,32,32,0,1,1,4294967295
bTilesColor,96,576,160,192,32,32,0,1,1,4294967295
bTilesColor,128,576,160,192,32,32,0,1,1,4294967295
bTilesColor,160,576,160,192,32,32,0,1,1,4294967295
bTilesColor,192,576,160,192,32,32,0,1,1,4294967295
bTilesColor,224,576,160,192,32,32,0,1,1,4294967295
bTilesColor,256,576,160,192,32,32,0,1,1,4294967295
bTilesColor,288,576,160,192,32,32,0,1,1,4294967295
bTilesColor,320,576,160,192,32,32,0,1,1,4294967295
bTilesColor,352,576,160,192,32,32,0,1,1,4294967295
bTilesColor,416,576,160,192,32,32,0,1,1,4294967295
bTilesColor,448,576,160,192,32,32,0,1,1,4294967295
bTilesColor,480,576,160,192,32,32,0,1,1,4294967295
bTilesColor,512,576,160,192,32,32,0,1,1,4294967295
bTilesColor,544,576,160,192,32,32,0,1,1,4294967295
bTilesColor,576,576,160,192,32,32,0,1,1,4294967295
bTilesColor,608,576,160,192,32,32,0,1,1,4294967295
bTilesColor,640,576,160,192,32,32,0,1,1,4294967295
bTilesColor,640,544,160,192,32,32,0,1,1,4294967295
bTilesColor,672,544,160,192,32,32,0,1,1,4294967295
bTilesColor,704,544,160,192,32,32,0,1,1,4294967295
bTilesColor,704,480,160,192,32,32,0,1,1,4294967295
bTilesColor,704,448,160,192,32,32,0,1,1,4294967295
bTilesColor,672,448,160,192,32,32,0,1,1,4294967295
bTilesColor,640,448,160,192,32,32,0,1,1,4294967295
bTilesColor,608,448,160,192,32,32,0,1,1,4294967295
bTilesColor,576,448,160,192,32,32,0,1,1,4294967295
bTilesColor,544,448,160,192,32,32,0,1,1,4294967295
bTilesColor,512,448,160,192,32,32,0,1,1,4294967295
bTilesColor,480,448,160,192,32,32,0,1,1,4294967295
bTilesColor,448,448,160,192,32,32,0,1,1,4294967295
bTilesColor,416,448,160,192,32,32,0,1,1,4294967295
bTilesColor,384,448,160,192,32,32,0,1,1,4294967295
bTilesColor,352,448,160,192,32,32,0,1,1,4294967295
bTilesColor,320,448,160,192,32,32,0,1,1,4294967295
bTilesColor,288,448,160,192,32,32,0,1,1,4294967295
bTilesColor,256,448,160,192,32,32,0,1,1,4294967295
bTilesColor,224,448,160,192,32,32,0,1,1,4294967295
bTilesColor,192,448,160,192,32,32,0,1,1,4294967295
bTilesColor,160,448,160,192,32,32,0,1,1,4294967295
bTilesColor,128,448,160,192,32,32,0,1,1,4294967295
bTilesColor,96,448,160,192,32,32,0,1,1,4294967295
bTilesColor,96,480,160,192,32,32,0,1,1,4294967295
bTilesColor,128,480,160,192,32,32,0,1,1,4294967295
bTilesColor,160,480,160,192,32,32,0,1,1,4294967295
bTilesColor,192,480,160,192,32,32,0,1,1,4294967295
bTilesColor,224,480,160,192,32,32,0,1,1,4294967295
bTilesColor,256,480,160,192,32,32,0,1,1,4294967295
bTilesColor,288,480,160,192,32,32,0,1,1,4294967295
bTilesColor,320,480,160,192,32,32,0,1,1,4294967295
bTilesColor,352,480,160,192,32,32,0,1,1,4294967295
bTilesColor,384,480,160,192,32,32,0,1,1,4294967295
bTilesColor,416,480,160,192,32,32,0,1,1,4294967295
bTilesColor,448,480,160,192,32,32,0,1,1,4294967295
bTilesColor,480,480,160,192,32,32,0,1,1,4294967295
bTilesColor,512,480,160,192,32,32,0,1,1,4294967295
bTilesColor,544,480,160,192,32,32,0,1,1,4294967295
bTilesColor,576,480,160,192,32,32,0,1,1,4294967295
bTilesColor,608,480,160,192,32,32,0,1,1,4294967295
bTilesColor,640,480,160,192,32,32,0,1,1,4294967295
bTilesColor,672,480,160,192,32,32,0,1,1,4294967295
bTilesColor,704,512,160,192,32,32,0,1,1,4294967295
bTilesColor,672,512,160,192,32,32,0,1,1,4294967295
bTilesColor,640,512,160,192,32,32,0,1,1,4294967295
bTilesColor,608,512,160,192,32,32,0,1,1,4294967295
bTilesColor,576,512,160,192,32,32,0,1,1,4294967295
bTilesColor,544,512,160,192,32,32,0,1,1,4294967295
bTilesColor,512,512,160,192,32,32,0,1,1,4294967295
bTilesColor,480,512,160,192,32,32,0,1,1,4294967295
bTilesColor,448,512,160,192,32,32,0,1,1,4294967295
bTilesColor,416,512,160,192,32,32,0,1,1,4294967295
bTilesColor,384,512,160,192,32,32,0,1,1,4294967295
bTilesColor,352,512,160,192,32,32,0,1,1,4294967295
bTilesColor,320,512,160,192,32,32,0,1,1,4294967295
bTilesColor,288,512,160,192,32,32,0,1,1,4294967295
bTilesColor,256,512,160,192,32,32,0,1,1,4294967295
bTilesColor,224,512,160,192,32,32,0,1,1,4294967295
bTilesColor,192,512,160,192,32,32,0,1,1,4294967295
bTilesColor,160,512,160,192,32,32,0,1,1,4294967295
bTilesColor,128,512,160,192,32,32,0,1,1,4294967295
bTilesColor,96,512,160,192,32,32,0,1,1,4294967295
bTilesColor,96,544,160,192,32,32,0,1,1,4294967295
bTilesColor,128,544,160,192,32,32,0,1,1,4294967295
bTilesColor,160,544,160,192,32,32,0,1,1,4294967295
bTilesColor,192,544,160,192,32,32,0,1,1,4294967295
bTilesColor,224,544,160,192,32,32,0,1,1,4294967295
bTilesColor,256,544,160,192,32,32,0,1,1,4294967295
bTilesColor,288,544,160,192,32,32,0,1,1,4294967295
bTilesColor,320,544,160,192,32,32,0,1,1,4294967295
bTilesColor,608,544,160,192,32,32,0,1,1,4294967295
bTilesColor,576,544,160,192,32,32,0,1,1,4294967295
bTilesColor,544,544,160,192,32,32,0,1,1,4294967295
bTilesColor,512,544,160,192,32,32,0,1,1,4294967295
bTilesColor,480,544,160,192,32,32,0,1,1,4294967295
bTilesColor,448,544,160,192,32,32,0,1,1,4294967295
bTilesColor,416,544,160,192,32,32,0,1,1,4294967295
bTilesColor,384,544,160,192,32,32,0,1,1,4294967295
bTilesColor,352,544,160,192,32,32,0,1,1,4294967295
bTilesColor,384,576,160,192,32,32,0,1,1,4294967295
bTilesColor,672,576,160,192,32,32,0,1,1,4294967295
bTilesColor,704,576,160,192,32,32,0,1,1,4294967295
bTilesStage5,736,352,0,32,32,32,0,1,1,4294967295
bTilesStage5,864,352,0,32,32,32,0,1,1,4294967295
bTilesStage5,832,352,0,32,32,32,0,1,1,4294967295
bTilesStage5,800,352,0,32,32,32,0,1,1,4294967295
bTilesStage5,768,352,0,32,32,32,0,1,1,4294967295
bTilesStage5,896,352,0,32,32,32,0,1,1,4294967295
bTilesStage5,928,352,0,32,32,32,0,1,1,4294967295
bTilesStage5,960,352,0,32,32,32,0,1,1,4294967295
bTilesStage5,992,352,0,32,32,32,0,1,1,4294967295
bTilesStage5,1024,352,0,32,32,32,0,1,1,4294967295
bTilesStage5,1056,352,0,32,32,32,0,1,1,4294967295
bTilesStage5,1088,352,0,32,32,32,0,1,1,4294967295
bTilesStage5,1120,352,0,32,32,32,0,1,1,4294967295
bTilesStage5,1152,352,0,32,32,32,0,1,1,4294967295
bTilesStage5,1184,352,0,32,32,32,0,1,1,4294967295
bTilesStage5,1216,352,0,32,32,32,0,1,1,4294967295
bTilesStage5,1248,352,0,32,32,32,0,1,1,4294967295
bTilesStage5,1280,352,0,32,32,32,0,1,1,4294967295
bTilesStage5,1312,352,0,32,32,32,0,1,1,4294967295
bTilesStage5,1344,352,0,32,32,32,0,1,1,4294967295
bTilesStage5,1376,352,0,32,32,32,0,1,1,4294967295
bTilesStage5,1408,352,0,32,32,32,0,1,1,4294967295
bTilesStage5,1440,352,0,32,32,32,0,1,1,4294967295
bTilesColor,736,384,160,192,32,32,0,1,1,4294967295
bTilesColor,768,384,160,192,32,32,0,1,1,4294967295
bTilesColor,800,384,160,192,32,32,0,1,1,4294967295
bTilesColor,832,384,160,192,32,32,0,1,1,4294967295
bTilesColor,864,384,160,192,32,32,0,1,1,4294967295
bTilesColor,896,384,160,192,32,32,0,1,1,4294967295
bTilesColor,928,384,160,192,32,32,0,1,1,4294967295
bTilesColor,960,384,160,192,32,32,0,1,1,4294967295
bTilesColor,992,384,160,192,32,32,0,1,1,4294967295
bTilesColor,1024,384,160,192,32,32,0,1,1,4294967295
bTilesColor,1056,384,160,192,32,32,0,1,1,4294967295
bTilesColor,1088,384,160,192,32,32,0,1,1,4294967295
bTilesColor,1120,384,160,192,32,32,0,1,1,4294967295
bTilesColor,1152,384,160,192,32,32,0,1,1,4294967295
bTilesColor,1184,384,160,192,32,32,0,1,1,4294967295
bTilesColor,1216,384,160,192,32,32,0,1,1,4294967295
bTilesColor,1248,384,160,192,32,32,0,1,1,4294967295
bTilesColor,1280,384,160,192,32,32,0,1,1,4294967295
bTilesColor,1312,384,160,192,32,32,0,1,1,4294967295
bTilesColor,1344,384,160,192,32,32,0,1,1,4294967295
bTilesColor,1376,384,160,192,32,32,0,1,1,4294967295
bTilesColor,1408,384,160,192,32,32,0,1,1,4294967295
bTilesColor,1440,384,160,192,32,32,0,1,1,4294967295
bTilesColor,1440,416,160,192,32,32,0,1,1,4294967295
bTilesColor,1408,416,160,192,32,32,0,1,1,4294967295
bTilesColor,1376,416,160,192,32,32,0,1,1,4294967295
bTilesColor,1344,416,160,192,32,32,0,1,1,4294967295
bTilesColor,1312,416,160,192,32,32,0,1,1,4294967295
bTilesColor,1280,416,160,192,32,32,0,1,1,4294967295
bTilesColor,1248,416,160,192,32,32,0,1,1,4294967295
bTilesColor,1216,416,160,192,32,32,0,1,1,4294967295
bTilesColor,1184,416,160,192,32,32,0,1,1,4294967295
bTilesColor,1152,416,160,192,32,32,0,1,1,4294967295
bTilesColor,1120,416,160,192,32,32,0,1,1,4294967295
bTilesColor,1088,416,160,192,32,32,0,1,1,4294967295
bTilesColor,1056,416,160,192,32,32,0,1,1,4294967295
bTilesColor,1024,416,160,192,32,32,0,1,1,4294967295
bTilesColor,992,416,160,192,32,32,0,1,1,4294967295
bTilesColor,960,416,160,192,32,32,0,1,1,4294967295
bTilesColor,928,416,160,192,32,32,0,1,1,4294967295
bTilesColor,896,416,160,192,32,32,0,1,1,4294967295
bTilesColor,864,416,160,192,32,32,0,1,1,4294967295
bTilesColor,832,416,160,192,32,32,0,1,1,4294967295
bTilesColor,800,416,160,192,32,32,0,1,1,4294967295
bTilesColor,768,416,160,192,32,32,0,1,1,4294967295
bTilesColor,736,416,160,192,32,32,0,1,1,4294967295
bTilesColor,736,448,160,192,32,32,0,1,1,4294967295
bTilesColor,736,480,160,192,32,32,0,1,1,4294967295
bTilesColor,736,512,160,192,32,32,0,1,1,4294967295
bTilesColor,736,544,160,192,32,32,0,1,1,4294967295
bTilesColor,736,576,160,192,32,32,0,1,1,4294967295
bTilesColor,768,576,160,192,32,32,0,1,1,4294967295
bTilesColor,768,544,160,192,32,32,0,1,1,4294967295
bTilesColor,768,512,160,192,32,32,0,1,1,4294967295
bTilesColor,768,480,160,192,32,32,0,1,1,4294967295
bTilesColor,768,448,160,192,32,32,0,1,1,4294967295
bTilesColor,800,448,160,192,32,32,0,1,1,4294967295
bTilesColor,800,480,160,192,32,32,0,1,1,4294967295
bTilesColor,800,512,160,192,32,32,0,1,1,4294967295
bTilesColor,800,544,160,192,32,32,0,1,1,4294967295
bTilesColor,800,576,160,192,32,32,0,1,1,4294967295
bTilesColor,832,576,160,192,32,32,0,1,1,4294967295
bTilesColor,864,576,160,192,32,32,0,1,1,4294967295
bTilesColor,896,576,160,192,32,32,0,1,1,4294967295
bTilesColor,928,576,160,192,32,32,0,1,1,4294967295
bTilesColor,960,576,160,192,32,32,0,1,1,4294967295
bTilesColor,992,576,160,192,32,32,0,1,1,4294967295
bTilesColor,1024,576,160,192,32,32,0,1,1,4294967295
bTilesColor,1056,576,160,192,32,32,0,1,1,4294967295
bTilesColor,1088,576,160,192,32,32,0,1,1,4294967295
bTilesColor,1152,576,160,192,32,32,0,1,1,4294967295
bTilesColor,1184,576,160,192,32,32,0,1,1,4294967295
bTilesColor,1216,576,160,192,32,32,0,1,1,4294967295
bTilesColor,1248,576,160,192,32,32,0,1,1,4294967295
bTilesColor,1280,576,160,192,32,32,0,1,1,4294967295
bTilesColor,1312,576,160,192,32,32,0,1,1,4294967295
bTilesColor,1344,576,160,192,32,32,0,1,1,4294967295
bTilesColor,1376,576,160,192,32,32,0,1,1,4294967295
bTilesColor,1376,544,160,192,32,32,0,1,1,4294967295
bTilesColor,1408,544,160,192,32,32,0,1,1,4294967295
bTilesColor,1440,544,160,192,32,32,0,1,1,4294967295
bTilesColor,1440,480,160,192,32,32,0,1,1,4294967295
bTilesColor,1440,448,160,192,32,32,0,1,1,4294967295
bTilesColor,1408,448,160,192,32,32,0,1,1,4294967295
bTilesColor,1376,448,160,192,32,32,0,1,1,4294967295
bTilesColor,1344,448,160,192,32,32,0,1,1,4294967295
bTilesColor,1312,448,160,192,32,32,0,1,1,4294967295
bTilesColor,1280,448,160,192,32,32,0,1,1,4294967295
bTilesColor,1248,448,160,192,32,32,0,1,1,4294967295
bTilesColor,1216,448,160,192,32,32,0,1,1,4294967295
bTilesColor,1184,448,160,192,32,32,0,1,1,4294967295
bTilesColor,1152,448,160,192,32,32,0,1,1,4294967295
bTilesColor,1120,448,160,192,32,32,0,1,1,4294967295
bTilesColor,1088,448,160,192,32,32,0,1,1,4294967295
bTilesColor,1056,448,160,192,32,32,0,1,1,4294967295
bTilesColor,1024,448,160,192,32,32,0,1,1,4294967295
bTilesColor,992,448,160,192,32,32,0,1,1,4294967295
bTilesColor,960,448,160,192,32,32,0,1,1,4294967295
bTilesColor,928,448,160,192,32,32,0,1,1,4294967295
bTilesColor,896,448,160,192,32,32,0,1,1,4294967295
bTilesColor,864,448,160,192,32,32,0,1,1,4294967295
bTilesColor,832,448,160,192,32,32,0,1,1,4294967295
bTilesColor,832,480,160,192,32,32,0,1,1,4294967295
bTilesColor,864,480,160,192,32,32,0,1,1,4294967295
bTilesColor,896,480,160,192,32,32,0,1,1,4294967295
bTilesColor,928,480,160,192,32,32,0,1,1,4294967295
bTilesColor,960,480,160,192,32,32,0,1,1,4294967295
bTilesColor,992,480,160,192,32,32,0,1,1,4294967295
bTilesColor,1024,480,160,192,32,32,0,1,1,4294967295
bTilesColor,1056,480,160,192,32,32,0,1,1,4294967295
bTilesColor,1088,480,160,192,32,32,0,1,1,4294967295
bTilesColor,1120,480,160,192,32,32,0,1,1,4294967295
bTilesColor,1152,480,160,192,32,32,0,1,1,4294967295
bTilesColor,1184,480,160,192,32,32,0,1,1,4294967295
bTilesColor,1216,480,160,192,32,32,0,1,1,4294967295
bTilesColor,1248,480,160,192,32,32,0,1,1,4294967295
bTilesColor,1280,480,160,192,32,32,0,1,1,4294967295
bTilesColor,1312,480,160,192,32,32,0,1,1,4294967295
bTilesColor,1344,480,160,192,32,32,0,1,1,4294967295
bTilesColor,1376,480,160,192,32,32,0,1,1,4294967295
bTilesColor,1408,480,160,192,32,32,0,1,1,4294967295
bTilesColor,1440,512,160,192,32,32,0,1,1,4294967295
bTilesColor,1408,512,160,192,32,32,0,1,1,4294967295
bTilesColor,1376,512,160,192,32,32,0,1,1,4294967295
bTilesColor,1344,512,160,192,32,32,0,1,1,4294967295
bTilesColor,1312,512,160,192,32,32,0,1,1,4294967295
bTilesColor,1280,512,160,192,32,32,0,1,1,4294967295
bTilesColor,1248,512,160,192,32,32,0,1,1,4294967295
bTilesColor,1216,512,160,192,32,32,0,1,1,4294967295
bTilesColor,1184,512,160,192,32,32,0,1,1,4294967295
bTilesColor,1152,512,160,192,32,32,0,1,1,4294967295
bTilesColor,1120,512,160,192,32,32,0,1,1,4294967295
bTilesColor,1088,512,160,192,32,32,0,1,1,4294967295
bTilesColor,1056,512,160,192,32,32,0,1,1,4294967295
bTilesColor,1024,512,160,192,32,32,0,1,1,4294967295
bTilesColor,992,512,160,192,32,32,0,1,1,4294967295
bTilesColor,960,512,160,192,32,32,0,1,1,4294967295
bTilesColor,928,512,160,192,32,32,0,1,1,4294967295
bTilesColor,896,512,160,192,32,32,0,1,1,4294967295
bTilesColor,864,512,160,192,32,32,0,1,1,4294967295
bTilesColor,832,512,160,192,32,32,0,1,1,4294967295
bTilesColor,832,544,160,192,32,32,0,1,1,4294967295
bTilesColor,864,544,160,192,32,32,0,1,1,4294967295
bTilesColor,896,544,160,192,32,32,0,1,1,4294967295
bTilesColor,928,544,160,192,32,32,0,1,1,4294967295
bTilesColor,960,544,160,192,32,32,0,1,1,4294967295
bTilesColor,992,544,160,192,32,32,0,1,1,4294967295
bTilesColor,1024,544,160,192,32,32,0,1,1,4294967295
bTilesColor,1056,544,160,192,32,32,0,1,1,4294967295
bTilesColor,1344,544,160,192,32,32,0,1,1,4294967295
bTilesColor,1312,544,160,192,32,32,0,1,1,4294967295
bTilesColor,1280,544,160,192,32,32,0,1,1,4294967295
bTilesColor,1248,544,160,192,32,32,0,1,1,4294967295
bTilesColor,1216,544,160,192,32,32,0,1,1,4294967295
bTilesColor,1184,544,160,192,32,32,0,1,1,4294967295
bTilesColor,1152,544,160,192,32,32,0,1,1,4294967295
bTilesColor,1120,544,160,192,32,32,0,1,1,4294967295
bTilesColor,1088,544,160,192,32,32,0,1,1,4294967295
bTilesColor,1120,576,160,192,32,32,0,1,1,4294967295
bTilesColor,1408,576,160,192,32,32,0,1,1,4294967295
bTilesColor,1440,576,160,192,32,32,0,1,1,4294967295
bTilesStage5,1472,352,0,32,32,32,0,1,1,4294967295
bTilesStage5,1600,352,0,32,32,32,0,1,1,4294967295
bTilesStage5,1568,352,0,32,32,32,0,1,1,4294967295
bTilesStage5,1536,352,0,32,32,32,0,1,1,4294967295
bTilesStage5,1504,352,0,32,32,32,0,1,1,4294967295
bTilesStage5,1632,352,0,32,32,32,0,1,1,4294967295
bTilesStage5,1664,352,0,32,32,32,0,1,1,4294967295
bTilesStage5,1696,352,0,32,32,32,0,1,1,4294967295
bTilesStage5,1728,352,0,32,32,32,0,1,1,4294967295
bTilesStage5,1760,352,0,32,32,32,0,1,1,4294967295
bTilesStage5,1792,352,0,32,32,32,0,1,1,4294967295
bTilesStage5,1824,352,0,32,32,32,0,1,1,4294967295
bTilesStage5,1856,352,0,32,32,32,0,1,1,4294967295
bTilesStage5,1888,352,0,32,32,32,0,1,1,4294967295
bTilesStage5,1920,352,0,32,32,32,0,1,1,4294967295
bTilesStage5,1952,352,0,32,32,32,0,1,1,4294967295
bTilesStage5,1984,352,0,32,32,32,0,1,1,4294967295
bTilesStage5,2016,352,0,32,32,32,0,1,1,4294967295
bTilesStage5,2048,352,0,32,32,32,0,1,1,4294967295
bTilesStage5,2080,352,0,32,32,32,0,1,1,4294967295
bTilesStage5,2112,352,0,32,32,32,0,1,1,4294967295
bTilesStage5,2144,352,0,32,32,32,0,1,1,4294967295
bTilesStage5,2176,352,0,32,32,32,0,1,1,4294967295
bTilesColor,1472,384,160,192,32,32,0,1,1,4294967295
bTilesColor,1504,384,160,192,32,32,0,1,1,4294967295
bTilesColor,1536,384,160,192,32,32,0,1,1,4294967295
bTilesColor,1568,384,160,192,32,32,0,1,1,4294967295
bTilesColor,1600,384,160,192,32,32,0,1,1,4294967295
bTilesColor,1632,384,160,192,32,32,0,1,1,4294967295
bTilesColor,1664,384,160,192,32,32,0,1,1,4294967295
bTilesColor,1696,384,160,192,32,32,0,1,1,4294967295
bTilesColor,1728,384,160,192,32,32,0,1,1,4294967295
bTilesColor,1760,384,160,192,32,32,0,1,1,4294967295
bTilesColor,1792,384,160,192,32,32,0,1,1,4294967295
bTilesColor,1824,384,160,192,32,32,0,1,1,4294967295
bTilesColor,1856,384,160,192,32,32,0,1,1,4294967295
bTilesColor,1888,384,160,192,32,32,0,1,1,4294967295
bTilesColor,1920,384,160,192,32,32,0,1,1,4294967295
bTilesColor,1952,384,160,192,32,32,0,1,1,4294967295
bTilesColor,1984,384,160,192,32,32,0,1,1,4294967295
bTilesColor,2016,384,160,192,32,32,0,1,1,4294967295
bTilesColor,2048,384,160,192,32,32,0,1,1,4294967295
bTilesColor,2080,384,160,192,32,32,0,1,1,4294967295
bTilesColor,2112,384,160,192,32,32,0,1,1,4294967295
bTilesColor,2144,384,160,192,32,32,0,1,1,4294967295
bTilesColor,2176,384,160,192,32,32,0,1,1,4294967295
bTilesColor,2176,416,160,192,32,32,0,1,1,4294967295
bTilesColor,2144,416,160,192,32,32,0,1,1,4294967295
bTilesColor,2112,416,160,192,32,32,0,1,1,4294967295
bTilesColor,2080,416,160,192,32,32,0,1,1,4294967295
bTilesColor,2048,416,160,192,32,32,0,1,1,4294967295
bTilesColor,2016,416,160,192,32,32,0,1,1,4294967295
bTilesColor,1984,416,160,192,32,32,0,1,1,4294967295
bTilesColor,1952,416,160,192,32,32,0,1,1,4294967295
bTilesColor,1920,416,160,192,32,32,0,1,1,4294967295
bTilesColor,1888,416,160,192,32,32,0,1,1,4294967295
bTilesColor,1856,416,160,192,32,32,0,1,1,4294967295
bTilesColor,1824,416,160,192,32,32,0,1,1,4294967295
bTilesColor,1792,416,160,192,32,32,0,1,1,4294967295
bTilesColor,1760,416,160,192,32,32,0,1,1,4294967295
bTilesColor,1728,416,160,192,32,32,0,1,1,4294967295
bTilesColor,1696,416,160,192,32,32,0,1,1,4294967295
bTilesColor,1664,416,160,192,32,32,0,1,1,4294967295
bTilesColor,1632,416,160,192,32,32,0,1,1,4294967295
bTilesColor,1600,416,160,192,32,32,0,1,1,4294967295
bTilesColor,1568,416,160,192,32,32,0,1,1,4294967295
bTilesColor,1536,416,160,192,32,32,0,1,1,4294967295
bTilesColor,1504,416,160,192,32,32,0,1,1,4294967295
bTilesColor,1472,416,160,192,32,32,0,1,1,4294967295
bTilesColor,1472,448,160,192,32,32,0,1,1,4294967295
bTilesColor,1472,480,160,192,32,32,0,1,1,4294967295
bTilesColor,1472,512,160,192,32,32,0,1,1,4294967295
bTilesColor,1472,544,160,192,32,32,0,1,1,4294967295
bTilesColor,1472,576,160,192,32,32,0,1,1,4294967295
bTilesColor,1504,576,160,192,32,32,0,1,1,4294967295
bTilesColor,1504,544,160,192,32,32,0,1,1,4294967295
bTilesColor,1504,512,160,192,32,32,0,1,1,4294967295
bTilesColor,1504,480,160,192,32,32,0,1,1,4294967295
bTilesColor,1504,448,160,192,32,32,0,1,1,4294967295
bTilesColor,1536,448,160,192,32,32,0,1,1,4294967295
bTilesColor,1536,480,160,192,32,32,0,1,1,4294967295
bTilesColor,1536,512,160,192,32,32,0,1,1,4294967295
bTilesColor,1536,544,160,192,32,32,0,1,1,4294967295
bTilesColor,1536,576,160,192,32,32,0,1,1,4294967295
bTilesColor,1568,576,160,192,32,32,0,1,1,4294967295
bTilesColor,1600,576,160,192,32,32,0,1,1,4294967295
bTilesColor,1632,576,160,192,32,32,0,1,1,4294967295
bTilesColor,1664,576,160,192,32,32,0,1,1,4294967295
bTilesColor,1696,576,160,192,32,32,0,1,1,4294967295
bTilesColor,1728,576,160,192,32,32,0,1,1,4294967295
bTilesColor,1760,576,160,192,32,32,0,1,1,4294967295
bTilesColor,1792,576,160,192,32,32,0,1,1,4294967295
bTilesColor,1824,576,160,192,32,32,0,1,1,4294967295
bTilesColor,1888,576,160,192,32,32,0,1,1,4294967295
bTilesColor,1920,576,160,192,32,32,0,1,1,4294967295
bTilesColor,1952,576,160,192,32,32,0,1,1,4294967295
bTilesColor,1984,576,160,192,32,32,0,1,1,4294967295
bTilesColor,2016,576,160,192,32,32,0,1,1,4294967295
bTilesColor,2048,576,160,192,32,32,0,1,1,4294967295
bTilesColor,2080,576,160,192,32,32,0,1,1,4294967295
bTilesColor,2112,576,160,192,32,32,0,1,1,4294967295
bTilesColor,2112,544,160,192,32,32,0,1,1,4294967295
bTilesColor,2144,544,160,192,32,32,0,1,1,4294967295
bTilesColor,2176,544,160,192,32,32,0,1,1,4294967295
bTilesColor,2176,480,160,192,32,32,0,1,1,4294967295
bTilesColor,2176,448,160,192,32,32,0,1,1,4294967295
bTilesColor,2144,448,160,192,32,32,0,1,1,4294967295
bTilesColor,2112,448,160,192,32,32,0,1,1,4294967295
bTilesColor,2080,448,160,192,32,32,0,1,1,4294967295
bTilesColor,2048,448,160,192,32,32,0,1,1,4294967295
bTilesColor,2016,448,160,192,32,32,0,1,1,4294967295
bTilesColor,1984,448,160,192,32,32,0,1,1,4294967295
bTilesColor,1952,448,160,192,32,32,0,1,1,4294967295
bTilesColor,1920,448,160,192,32,32,0,1,1,4294967295
bTilesColor,1888,448,160,192,32,32,0,1,1,4294967295
bTilesColor,1856,448,160,192,32,32,0,1,1,4294967295
bTilesColor,1824,448,160,192,32,32,0,1,1,4294967295
bTilesColor,1792,448,160,192,32,32,0,1,1,4294967295
bTilesColor,1760,448,160,192,32,32,0,1,1,4294967295
bTilesColor,1728,448,160,192,32,32,0,1,1,4294967295
bTilesColor,1696,448,160,192,32,32,0,1,1,4294967295
bTilesColor,1664,448,160,192,32,32,0,1,1,4294967295
bTilesColor,1632,448,160,192,32,32,0,1,1,4294967295
bTilesColor,1600,448,160,192,32,32,0,1,1,4294967295
bTilesColor,1568,448,160,192,32,32,0,1,1,4294967295
bTilesColor,1568,480,160,192,32,32,0,1,1,4294967295
bTilesColor,1600,480,160,192,32,32,0,1,1,4294967295
bTilesColor,1632,480,160,192,32,32,0,1,1,4294967295
bTilesColor,1664,480,160,192,32,32,0,1,1,4294967295
bTilesColor,1696,480,160,192,32,32,0,1,1,4294967295
bTilesColor,1728,480,160,192,32,32,0,1,1,4294967295
bTilesColor,1760,480,160,192,32,32,0,1,1,4294967295
bTilesColor,1792,480,160,192,32,32,0,1,1,4294967295
bTilesColor,1824,480,160,192,32,32,0,1,1,4294967295
bTilesColor,1856,480,160,192,32,32,0,1,1,4294967295
bTilesColor,1888,480,160,192,32,32,0,1,1,4294967295
bTilesColor,1920,480,160,192,32,32,0,1,1,4294967295
bTilesColor,1952,480,160,192,32,32,0,1,1,4294967295
bTilesColor,1984,480,160,192,32,32,0,1,1,4294967295
bTilesColor,2016,480,160,192,32,32,0,1,1,4294967295
bTilesColor,2048,480,160,192,32,32,0,1,1,4294967295
bTilesColor,2080,480,160,192,32,32,0,1,1,4294967295
bTilesColor,2112,480,160,192,32,32,0,1,1,4294967295
bTilesColor,2144,480,160,192,32,32,0,1,1,4294967295
bTilesColor,2176,512,160,192,32,32,0,1,1,4294967295
bTilesColor,2144,512,160,192,32,32,0,1,1,4294967295
bTilesColor,2112,512,160,192,32,32,0,1,1,4294967295
bTilesColor,2080,512,160,192,32,32,0,1,1,4294967295
bTilesColor,2048,512,160,192,32,32,0,1,1,4294967295
bTilesColor,2016,512,160,192,32,32,0,1,1,4294967295
bTilesColor,1984,512,160,192,32,32,0,1,1,4294967295
bTilesColor,1952,512,160,192,32,32,0,1,1,4294967295
bTilesColor,1920,512,160,192,32,32,0,1,1,4294967295
bTilesColor,1888,512,160,192,32,32,0,1,1,4294967295
bTilesColor,1856,512,160,192,32,32,0,1,1,4294967295
bTilesColor,1824,512,160,192,32,32,0,1,1,4294967295
bTilesColor,1792,512,160,192,32,32,0,1,1,4294967295
bTilesColor,1760,512,160,192,32,32,0,1,1,4294967295
bTilesColor,1728,512,160,192,32,32,0,1,1,4294967295
bTilesColor,1696,512,160,192,32,32,0,1,1,4294967295
bTilesColor,1664,512,160,192,32,32,0,1,1,4294967295
bTilesColor,1632,512,160,192,32,32,0,1,1,4294967295
bTilesColor,1600,512,160,192,32,32,0,1,1,4294967295
bTilesColor,1568,512,160,192,32,32,0,1,1,4294967295
bTilesColor,1568,544,160,192,32,32,0,1,1,4294967295
bTilesColor,1600,544,160,192,32,32,0,1,1,4294967295
bTilesColor,1632,544,160,192,32,32,0,1,1,4294967295
bTilesColor,1664,544,160,192,32,32,0,1,1,4294967295
bTilesColor,1696,544,160,192,32,32,0,1,1,4294967295
bTilesColor,1728,544,160,192,32,32,0,1,1,4294967295
bTilesColor,1760,544,160,192,32,32,0,1,1,4294967295
bTilesColor,1792,544,160,192,32,32,0,1,1,4294967295
bTilesColor,2080,544,160,192,32,32,0,1,1,4294967295
bTilesColor,2048,544,160,192,32,32,0,1,1,4294967295
bTilesColor,2016,544,160,192,32,32,0,1,1,4294967295
bTilesColor,1984,544,160,192,32,32,0,1,1,4294967295
bTilesColor,1952,544,160,192,32,32,0,1,1,4294967295
bTilesColor,1920,544,160,192,32,32,0,1,1,4294967295
bTilesColor,1888,544,160,192,32,32,0,1,1,4294967295
bTilesColor,1856,544,160,192,32,32,0,1,1,4294967295
bTilesColor,1824,544,160,192,32,32,0,1,1,4294967295
bTilesColor,1856,576,160,192,32,32,0,1,1,4294967295
bTilesColor,2144,576,160,192,32,32,0,1,1,4294967295
bTilesColor,2176,576,160,192,32,32,0,1,1,4294967295
bTilesStage5,2208,352,0,32,32,32,0,1,1,4294967295
bTilesStage5,2336,352,0,32,32,32,0,1,1,4294967295
bTilesStage5,2304,352,0,32,32,32,0,1,1,4294967295
bTilesStage5,2272,352,0,32,32,32,0,1,1,4294967295
bTilesStage5,2240,352,0,32,32,32,0,1,1,4294967295
bTilesStage5,2368,352,0,32,32,32,0,1,1,4294967295
bTilesStage5,2400,352,0,32,32,32,0,1,1,4294967295
bTilesStage5,2432,352,0,32,32,32,0,1,1,4294967295
bTilesStage5,2464,352,0,32,32,32,0,1,1,4294967295
bTilesStage5,2496,352,0,32,32,32,0,1,1,4294967295
bTilesStage5,2528,352,0,32,32,32,0,1,1,4294967295
bTilesStage5,2560,352,0,32,32,32,0,1,1,4294967295
bTilesStage5,2592,352,0,32,32,32,0,1,1,4294967295
bTilesStage5,2624,352,0,32,32,32,0,1,1,4294967295
bTilesStage5,2656,352,0,32,32,32,0,1,1,4294967295
bTilesStage5,2688,352,0,32,32,32,0,1,1,4294967295
bTilesStage5,2720,352,0,32,32,32,0,1,1,4294967295
bTilesStage5,2752,352,0,32,32,32,0,1,1,4294967295
bTilesStage5,2784,352,0,32,32,32,0,1,1,4294967295
bTilesStage5,2816,352,0,32,32,32,0,1,1,4294967295
bTilesStage5,2848,352,0,32,32,32,0,1,1,4294967295
bTilesStage5,2880,352,0,32,32,32,0,1,1,4294967295
bTilesStage5,2912,352,0,32,32,32,0,1,1,4294967295
bTilesColor,2208,384,160,192,32,32,0,1,1,4294967295
bTilesColor,2240,384,160,192,32,32,0,1,1,4294967295
bTilesColor,2272,384,160,192,32,32,0,1,1,4294967295
bTilesColor,2304,384,160,192,32,32,0,1,1,4294967295
bTilesColor,2336,384,160,192,32,32,0,1,1,4294967295
bTilesColor,2368,384,160,192,32,32,0,1,1,4294967295
bTilesColor,2400,384,160,192,32,32,0,1,1,4294967295
bTilesColor,2432,384,160,192,32,32,0,1,1,4294967295
bTilesColor,2464,384,160,192,32,32,0,1,1,4294967295
bTilesColor,2496,384,160,192,32,32,0,1,1,4294967295
bTilesColor,2528,384,160,192,32,32,0,1,1,4294967295
bTilesColor,2560,384,160,192,32,32,0,1,1,4294967295
bTilesColor,2592,384,160,192,32,32,0,1,1,4294967295
bTilesColor,2624,384,160,192,32,32,0,1,1,4294967295
bTilesColor,2656,384,160,192,32,32,0,1,1,4294967295
bTilesColor,2688,384,160,192,32,32,0,1,1,4294967295
bTilesColor,2720,384,160,192,32,32,0,1,1,4294967295
bTilesColor,2752,384,160,192,32,32,0,1,1,4294967295
bTilesColor,2784,384,160,192,32,32,0,1,1,4294967295
bTilesColor,2816,384,160,192,32,32,0,1,1,4294967295
bTilesColor,2848,384,160,192,32,32,0,1,1,4294967295
bTilesColor,2880,384,160,192,32,32,0,1,1,4294967295
bTilesColor,2912,384,160,192,32,32,0,1,1,4294967295
bTilesColor,2912,416,160,192,32,32,0,1,1,4294967295
bTilesColor,2880,416,160,192,32,32,0,1,1,4294967295
bTilesColor,2848,416,160,192,32,32,0,1,1,4294967295
bTilesColor,2816,416,160,192,32,32,0,1,1,4294967295
bTilesColor,2784,416,160,192,32,32,0,1,1,4294967295
bTilesColor,2752,416,160,192,32,32,0,1,1,4294967295
bTilesColor,2720,416,160,192,32,32,0,1,1,4294967295
bTilesColor,2688,416,160,192,32,32,0,1,1,4294967295
bTilesColor,2656,416,160,192,32,32,0,1,1,4294967295
bTilesColor,2624,416,160,192,32,32,0,1,1,4294967295
bTilesColor,2592,416,160,192,32,32,0,1,1,4294967295
bTilesColor,2560,416,160,192,32,32,0,1,1,4294967295
bTilesColor,2528,416,160,192,32,32,0,1,1,4294967295
bTilesColor,2496,416,160,192,32,32,0,1,1,4294967295
bTilesColor,2464,416,160,192,32,32,0,1,1,4294967295
bTilesColor,2432,416,160,192,32,32,0,1,1,4294967295
bTilesColor,2400,416,160,192,32,32,0,1,1,4294967295
bTilesColor,2368,416,160,192,32,32,0,1,1,4294967295
bTilesColor,2336,416,160,192,32,32,0,1,1,4294967295
bTilesColor,2304,416,160,192,32,32,0,1,1,4294967295
bTilesColor,2272,416,160,192,32,32,0,1,1,4294967295
bTilesColor,2240,416,160,192,32,32,0,1,1,4294967295
bTilesColor,2208,416,160,192,32,32,0,1,1,4294967295
bTilesColor,2208,448,160,192,32,32,0,1,1,4294967295
bTilesColor,2208,480,160,192,32,32,0,1,1,4294967295
bTilesColor,2208,512,160,192,32,32,0,1,1,4294967295
bTilesColor,2208,544,160,192,32,32,0,1,1,4294967295
bTilesColor,2208,576,160,192,32,32,0,1,1,4294967295
bTilesColor,2240,576,160,192,32,32,0,1,1,4294967295
bTilesColor,2240,544,160,192,32,32,0,1,1,4294967295
bTilesColor,2240,512,160,192,32,32,0,1,1,4294967295
bTilesColor,2240,480,160,192,32,32,0,1,1,4294967295
bTilesColor,2240,448,160,192,32,32,0,1,1,4294967295
bTilesColor,2272,448,160,192,32,32,0,1,1,4294967295
bTilesColor,2272,480,160,192,32,32,0,1,1,4294967295
bTilesColor,2272,512,160,192,32,32,0,1,1,4294967295
bTilesColor,2272,544,160,192,32,32,0,1,1,4294967295
bTilesColor,2272,576,160,192,32,32,0,1,1,4294967295
bTilesColor,2304,576,160,192,32,32,0,1,1,4294967295
bTilesColor,2336,576,160,192,32,32,0,1,1,4294967295
bTilesColor,2368,576,160,192,32,32,0,1,1,4294967295
bTilesColor,2400,576,160,192,32,32,0,1,1,4294967295
bTilesColor,2432,576,160,192,32,32,0,1,1,4294967295
bTilesColor,2464,576,160,192,32,32,0,1,1,4294967295
bTilesColor,2496,576,160,192,32,32,0,1,1,4294967295
bTilesColor,2528,576,160,192,32,32,0,1,1,4294967295
bTilesColor,2560,576,160,192,32,32,0,1,1,4294967295
bTilesColor,2624,576,160,192,32,32,0,1,1,4294967295
bTilesColor,2656,576,160,192,32,32,0,1,1,4294967295
bTilesColor,2688,576,160,192,32,32,0,1,1,4294967295
bTilesColor,2720,576,160,192,32,32,0,1,1,4294967295
bTilesColor,2752,576,160,192,32,32,0,1,1,4294967295
bTilesColor,2784,576,160,192,32,32,0,1,1,4294967295
bTilesColor,2816,576,160,192,32,32,0,1,1,4294967295
bTilesColor,2848,576,160,192,32,32,0,1,1,4294967295
bTilesColor,2848,544,160,192,32,32,0,1,1,4294967295
bTilesColor,2880,544,160,192,32,32,0,1,1,4294967295
bTilesColor,2912,544,160,192,32,32,0,1,1,4294967295
bTilesColor,2912,480,160,192,32,32,0,1,1,4294967295
bTilesColor,2912,448,160,192,32,32,0,1,1,4294967295
bTilesColor,2880,448,160,192,32,32,0,1,1,4294967295
bTilesColor,2848,448,160,192,32,32,0,1,1,4294967295
bTilesColor,2816,448,160,192,32,32,0,1,1,4294967295
bTilesColor,2784,448,160,192,32,32,0,1,1,4294967295
bTilesColor,2752,448,160,192,32,32,0,1,1,4294967295
bTilesColor,2720,448,160,192,32,32,0,1,1,4294967295
bTilesColor,2688,448,160,192,32,32,0,1,1,4294967295
bTilesColor,2656,448,160,192,32,32,0,1,1,4294967295
bTilesColor,2624,448,160,192,32,32,0,1,1,4294967295
bTilesColor,2592,448,160,192,32,32,0,1,1,4294967295
bTilesColor,2560,448,160,192,32,32,0,1,1,4294967295
bTilesColor,2528,448,160,192,32,32,0,1,1,4294967295
bTilesColor,2496,448,160,192,32,32,0,1,1,4294967295
bTilesColor,2464,448,160,192,32,32,0,1,1,4294967295
bTilesColor,2432,448,160,192,32,32,0,1,1,4294967295
bTilesColor,2400,448,160,192,32,32,0,1,1,4294967295
bTilesColor,2368,448,160,192,32,32,0,1,1,4294967295
bTilesColor,2336,448,160,192,32,32,0,1,1,4294967295
bTilesColor,2304,448,160,192,32,32,0,1,1,4294967295
bTilesColor,2304,480,160,192,32,32,0,1,1,4294967295
bTilesColor,2336,480,160,192,32,32,0,1,1,4294967295
bTilesColor,2368,480,160,192,32,32,0,1,1,4294967295
bTilesColor,2400,480,160,192,32,32,0,1,1,4294967295
bTilesColor,2432,480,160,192,32,32,0,1,1,4294967295
bTilesColor,2464,480,160,192,32,32,0,1,1,4294967295
bTilesColor,2496,480,160,192,32,32,0,1,1,4294967295
bTilesColor,2528,480,160,192,32,32,0,1,1,4294967295
bTilesColor,2560,480,160,192,32,32,0,1,1,4294967295
bTilesColor,2592,480,160,192,32,32,0,1,1,4294967295
bTilesColor,2624,480,160,192,32,32,0,1,1,4294967295
bTilesColor,2656,480,160,192,32,32,0,1,1,4294967295
bTilesColor,2688,480,160,192,32,32,0,1,1,4294967295
bTilesColor,2720,480,160,192,32,32,0,1,1,4294967295
bTilesColor,2752,480,160,192,32,32,0,1,1,4294967295
bTilesColor,2784,480,160,192,32,32,0,1,1,4294967295
bTilesColor,2816,480,160,192,32,32,0,1,1,4294967295
bTilesColor,2848,480,160,192,32,32,0,1,1,4294967295
bTilesColor,2880,480,160,192,32,32,0,1,1,4294967295
bTilesColor,2912,512,160,192,32,32,0,1,1,4294967295
bTilesColor,2880,512,160,192,32,32,0,1,1,4294967295
bTilesColor,2848,512,160,192,32,32,0,1,1,4294967295
bTilesColor,2816,512,160,192,32,32,0,1,1,4294967295
bTilesColor,2784,512,160,192,32,32,0,1,1,4294967295
bTilesColor,2752,512,160,192,32,32,0,1,1,4294967295
bTilesColor,2720,512,160,192,32,32,0,1,1,4294967295
bTilesColor,2688,512,160,192,32,32,0,1,1,4294967295
bTilesColor,2656,512,160,192,32,32,0,1,1,4294967295
bTilesColor,2624,512,160,192,32,32,0,1,1,4294967295
bTilesColor,2592,512,160,192,32,32,0,1,1,4294967295
bTilesColor,2560,512,160,192,32,32,0,1,1,4294967295
bTilesColor,2528,512,160,192,32,32,0,1,1,4294967295
bTilesColor,2496,512,160,192,32,32,0,1,1,4294967295
bTilesColor,2464,512,160,192,32,32,0,1,1,4294967295
bTilesColor,2432,512,160,192,32,32,0,1,1,4294967295
bTilesColor,2400,512,160,192,32,32,0,1,1,4294967295
bTilesColor,2368,512,160,192,32,32,0,1,1,4294967295
bTilesColor,2336,512,160,192,32,32,0,1,1,4294967295
bTilesColor,2304,512,160,192,32,32,0,1,1,4294967295
bTilesColor,2304,544,160,192,32,32,0,1,1,4294967295
bTilesColor,2336,544,160,192,32,32,0,1,1,4294967295
bTilesColor,2368,544,160,192,32,32,0,1,1,4294967295
bTilesColor,2400,544,160,192,32,32,0,1,1,4294967295
bTilesColor,2432,544,160,192,32,32,0,1,1,4294967295
bTilesColor,2464,544,160,192,32,32,0,1,1,4294967295
bTilesColor,2496,544,160,192,32,32,0,1,1,4294967295
bTilesColor,2528,544,160,192,32,32,0,1,1,4294967295
bTilesColor,2816,544,160,192,32,32,0,1,1,4294967295
bTilesColor,2784,544,160,192,32,32,0,1,1,4294967295
bTilesColor,2752,544,160,192,32,32,0,1,1,4294967295
bTilesColor,2720,544,160,192,32,32,0,1,1,4294967295
bTilesColor,2688,544,160,192,32,32,0,1,1,4294967295
bTilesColor,2656,544,160,192,32,32,0,1,1,4294967295
bTilesColor,2624,544,160,192,32,32,0,1,1,4294967295
bTilesColor,2592,544,160,192,32,32,0,1,1,4294967295
bTilesColor,2560,544,160,192,32,32,0,1,1,4294967295
bTilesColor,2592,576,160,192,32,32,0,1,1,4294967295
bTilesColor,2880,576,160,192,32,32,0,1,1,4294967295
bTilesColor,2912,576,160,192,32,32,0,1,1,4294967295
bTilesStage5,2944,352,0,32,32,32,0,1,1,4294967295
bTilesStage5,3072,352,0,32,32,32,0,1,1,4294967295
bTilesStage5,3040,352,0,32,32,32,0,1,1,4294967295
bTilesStage5,3008,352,0,32,32,32,0,1,1,4294967295
bTilesStage5,2976,352,0,32,32,32,0,1,1,4294967295
bTilesStage5,3104,352,0,32,32,32,0,1,1,4294967295
bTilesStage5,3136,352,0,32,32,32,0,1,1,4294967295
bTilesStage5,3168,352,0,32,32,32,0,1,1,4294967295
bTilesStage5,3200,352,0,32,32,32,0,1,1,4294967295
bTilesStage5,3232,352,0,32,32,32,0,1,1,4294967295
bTilesStage5,3264,352,0,32,32,32,0,1,1,4294967295
bTilesStage5,3296,352,0,32,32,32,0,1,1,4294967295
bTilesStage5,3328,352,0,32,32,32,0,1,1,4294967295
bTilesStage5,3360,352,0,32,32,32,0,1,1,4294967295
bTilesStage5,3392,352,0,32,32,32,0,1,1,4294967295
bTilesStage5,3424,352,0,32,32,32,0,1,1,4294967295
bTilesStage5,3456,352,0,32,32,32,0,1,1,4294967295
bTilesStage5,3488,352,0,32,32,32,0,1,1,4294967295
bTilesStage5,3520,352,0,32,32,32,0,1,1,4294967295
bTilesStage5,3552,352,0,32,32,32,0,1,1,4294967295
bTilesStage5,3584,352,0,32,32,32,0,1,1,4294967295
bTilesStage5,3616,352,0,32,32,32,0,1,1,4294967295
bTilesStage5,3648,352,0,32,32,32,0,1,1,4294967295
bTilesColor,2944,384,160,192,32,32,0,1,1,4294967295
bTilesColor,2976,384,160,192,32,32,0,1,1,4294967295
bTilesColor,3008,384,160,192,32,32,0,1,1,4294967295
bTilesColor,3040,384,160,192,32,32,0,1,1,4294967295
bTilesColor,3072,384,160,192,32,32,0,1,1,4294967295
bTilesColor,3104,384,160,192,32,32,0,1,1,4294967295
bTilesColor,3136,384,160,192,32,32,0,1,1,4294967295
bTilesColor,3168,384,160,192,32,32,0,1,1,4294967295
bTilesColor,3200,384,160,192,32,32,0,1,1,4294967295
bTilesColor,3232,384,160,192,32,32,0,1,1,4294967295
bTilesColor,3264,384,160,192,32,32,0,1,1,4294967295
bTilesColor,3296,384,160,192,32,32,0,1,1,4294967295
bTilesColor,3328,384,160,192,32,32,0,1,1,4294967295
bTilesColor,3360,384,160,192,32,32,0,1,1,4294967295
bTilesColor,3392,384,160,192,32,32,0,1,1,4294967295
bTilesColor,3424,384,160,192,32,32,0,1,1,4294967295
bTilesColor,3456,384,160,192,32,32,0,1,1,4294967295
bTilesColor,3488,384,160,192,32,32,0,1,1,4294967295
bTilesColor,3520,384,160,192,32,32,0,1,1,4294967295
bTilesColor,3552,384,160,192,32,32,0,1,1,4294967295
bTilesColor,3584,384,160,192,32,32,0,1,1,4294967295
bTilesColor,3616,384,160,192,32,32,0,1,1,4294967295
bTilesColor,3648,384,160,192,32,32,0,1,1,4294967295
bTilesColor,3648,416,160,192,32,32,0,1,1,4294967295
bTilesColor,3616,416,160,192,32,32,0,1,1,4294967295
bTilesColor,3584,416,160,192,32,32,0,1,1,4294967295
bTilesColor,3552,416,160,192,32,32,0,1,1,4294967295
bTilesColor,3520,416,160,192,32,32,0,1,1,4294967295
bTilesColor,3488,416,160,192,32,32,0,1,1,4294967295
bTilesColor,3456,416,160,192,32,32,0,1,1,4294967295
bTilesColor,3424,416,160,192,32,32,0,1,1,4294967295
bTilesColor,3392,416,160,192,32,32,0,1,1,4294967295
bTilesColor,3360,416,160,192,32,32,0,1,1,4294967295
bTilesColor,3328,416,160,192,32,32,0,1,1,4294967295
bTilesColor,3296,416,160,192,32,32,0,1,1,4294967295
bTilesColor,3264,416,160,192,32,32,0,1,1,4294967295
bTilesColor,3232,416,160,192,32,32,0,1,1,4294967295
bTilesColor,3200,416,160,192,32,32,0,1,1,4294967295
bTilesColor,3168,416,160,192,32,32,0,1,1,4294967295
bTilesColor,3136,416,160,192,32,32,0,1,1,4294967295
bTilesColor,3104,416,160,192,32,32,0,1,1,4294967295
bTilesColor,3072,416,160,192,32,32,0,1,1,4294967295
bTilesColor,3040,416,160,192,32,32,0,1,1,4294967295
bTilesColor,3008,416,160,192,32,32,0,1,1,4294967295
bTilesColor,2976,416,160,192,32,32,0,1,1,4294967295
bTilesColor,2944,416,160,192,32,32,0,1,1,4294967295
bTilesColor,2944,448,160,192,32,32,0,1,1,4294967295
bTilesColor,2944,480,160,192,32,32,0,1,1,4294967295
bTilesColor,2944,512,160,192,32,32,0,1,1,4294967295
bTilesColor,2944,544,160,192,32,32,0,1,1,4294967295
bTilesColor,2944,576,160,192,32,32,0,1,1,4294967295
bTilesColor,2976,576,160,192,32,32,0,1,1,4294967295
bTilesColor,2976,544,160,192,32,32,0,1,1,4294967295
bTilesColor,2976,512,160,192,32,32,0,1,1,4294967295
bTilesColor,2976,480,160,192,32,32,0,1,1,4294967295
bTilesColor,2976,448,160,192,32,32,0,1,1,4294967295
bTilesColor,3008,448,160,192,32,32,0,1,1,4294967295
bTilesColor,3008,480,160,192,32,32,0,1,1,4294967295
bTilesColor,3008,512,160,192,32,32,0,1,1,4294967295
bTilesColor,3008,544,160,192,32,32,0,1,1,4294967295
bTilesColor,3008,576,160,192,32,32,0,1,1,4294967295
bTilesColor,3040,576,160,192,32,32,0,1,1,4294967295
bTilesColor,3072,576,160,192,32,32,0,1,1,4294967295
bTilesColor,3104,576,160,192,32,32,0,1,1,4294967295
bTilesColor,3136,576,160,192,32,32,0,1,1,4294967295
bTilesColor,3168,576,160,192,32,32,0,1,1,4294967295
bTilesColor,3200,576,160,192,32,32,0,1,1,4294967295
bTilesColor,3232,576,160,192,32,32,0,1,1,4294967295
bTilesColor,3264,576,160,192,32,32,0,1,1,4294967295
bTilesColor,3296,576,160,192,32,32,0,1,1,4294967295
bTilesColor,3360,576,160,192,32,32,0,1,1,4294967295
bTilesColor,3392,576,160,192,32,32,0,1,1,4294967295
bTilesColor,3424,576,160,192,32,32,0,1,1,4294967295
bTilesColor,3456,576,160,192,32,32,0,1,1,4294967295
bTilesColor,3488,576,160,192,32,32,0,1,1,4294967295
bTilesColor,3520,576,160,192,32,32,0,1,1,4294967295
bTilesColor,3552,576,160,192,32,32,0,1,1,4294967295
bTilesColor,3584,576,160,192,32,32,0,1,1,4294967295
bTilesColor,3584,544,160,192,32,32,0,1,1,4294967295
bTilesColor,3616,544,160,192,32,32,0,1,1,4294967295
bTilesColor,3648,544,160,192,32,32,0,1,1,4294967295
bTilesColor,3648,480,160,192,32,32,0,1,1,4294967295
bTilesColor,3648,448,160,192,32,32,0,1,1,4294967295
bTilesColor,3616,448,160,192,32,32,0,1,1,4294967295
bTilesColor,3584,448,160,192,32,32,0,1,1,4294967295
bTilesColor,3552,448,160,192,32,32,0,1,1,4294967295
bTilesColor,3520,448,160,192,32,32,0,1,1,4294967295
bTilesColor,3488,448,160,192,32,32,0,1,1,4294967295
bTilesColor,3456,448,160,192,32,32,0,1,1,4294967295
bTilesColor,3424,448,160,192,32,32,0,1,1,4294967295
bTilesColor,3392,448,160,192,32,32,0,1,1,4294967295
bTilesColor,3360,448,160,192,32,32,0,1,1,4294967295
bTilesColor,3328,448,160,192,32,32,0,1,1,4294967295
bTilesColor,3296,448,160,192,32,32,0,1,1,4294967295
bTilesColor,3264,448,160,192,32,32,0,1,1,4294967295
bTilesColor,3232,448,160,192,32,32,0,1,1,4294967295
bTilesColor,3200,448,160,192,32,32,0,1,1,4294967295
bTilesColor,3168,448,160,192,32,32,0,1,1,4294967295
bTilesColor,3136,448,160,192,32,32,0,1,1,4294967295
bTilesColor,3104,448,160,192,32,32,0,1,1,4294967295
bTilesColor,3072,448,160,192,32,32,0,1,1,4294967295
bTilesColor,3040,448,160,192,32,32,0,1,1,4294967295
bTilesColor,3040,480,160,192,32,32,0,1,1,4294967295
bTilesColor,3072,480,160,192,32,32,0,1,1,4294967295
bTilesColor,3104,480,160,192,32,32,0,1,1,4294967295
bTilesColor,3136,480,160,192,32,32,0,1,1,4294967295
bTilesColor,3168,480,160,192,32,32,0,1,1,4294967295
bTilesColor,3200,480,160,192,32,32,0,1,1,4294967295
bTilesColor,3232,480,160,192,32,32,0,1,1,4294967295
bTilesColor,3264,480,160,192,32,32,0,1,1,4294967295
bTilesColor,3296,480,160,192,32,32,0,1,1,4294967295
bTilesColor,3328,480,160,192,32,32,0,1,1,4294967295
bTilesColor,3360,480,160,192,32,32,0,1,1,4294967295
bTilesColor,3392,480,160,192,32,32,0,1,1,4294967295
bTilesColor,3424,480,160,192,32,32,0,1,1,4294967295
bTilesColor,3456,480,160,192,32,32,0,1,1,4294967295
bTilesColor,3488,480,160,192,32,32,0,1,1,4294967295
bTilesColor,3520,480,160,192,32,32,0,1,1,4294967295
bTilesColor,3552,480,160,192,32,32,0,1,1,4294967295
bTilesColor,3584,480,160,192,32,32,0,1,1,4294967295
bTilesColor,3616,480,160,192,32,32,0,1,1,4294967295
bTilesColor,3648,512,160,192,32,32,0,1,1,4294967295
bTilesColor,3616,512,160,192,32,32,0,1,1,4294967295
bTilesColor,3584,512,160,192,32,32,0,1,1,4294967295
bTilesColor,3552,512,160,192,32,32,0,1,1,4294967295
bTilesColor,3520,512,160,192,32,32,0,1,1,4294967295
bTilesColor,3488,512,160,192,32,32,0,1,1,4294967295
bTilesColor,3456,512,160,192,32,32,0,1,1,4294967295
bTilesColor,3424,512,160,192,32,32,0,1,1,4294967295
bTilesColor,3392,512,160,192,32,32,0,1,1,4294967295
bTilesColor,3360,512,160,192,32,32,0,1,1,4294967295
bTilesColor,3328,512,160,192,32,32,0,1,1,4294967295
bTilesColor,3296,512,160,192,32,32,0,1,1,4294967295
bTilesColor,3264,512,160,192,32,32,0,1,1,4294967295
bTilesColor,3232,512,160,192,32,32,0,1,1,4294967295
bTilesColor,3200,512,160,192,32,32,0,1,1,4294967295
bTilesColor,3168,512,160,192,32,32,0,1,1,4294967295
bTilesColor,3136,512,160,192,32,32,0,1,1,4294967295
bTilesColor,3104,512,160,192,32,32,0,1,1,4294967295
bTilesColor,3072,512,160,192,32,32,0,1,1,4294967295
bTilesColor,3040,512,160,192,32,32,0,1,1,4294967295
bTilesColor,3040,544,160,192,32,32,0,1,1,4294967295
bTilesColor,3072,544,160,192,32,32,0,1,1,4294967295
bTilesColor,3104,544,160,192,32,32,0,1,1,4294967295
bTilesColor,3136,544,160,192,32,32,0,1,1,4294967295
bTilesColor,3168,544,160,192,32,32,0,1,1,4294967295
bTilesColor,3200,544,160,192,32,32,0,1,1,4294967295
bTilesColor,3232,544,160,192,32,32,0,1,1,4294967295
bTilesColor,3264,544,160,192,32,32,0,1,1,4294967295
bTilesColor,3552,544,160,192,32,32,0,1,1,4294967295
bTilesColor,3520,544,160,192,32,32,0,1,1,4294967295
bTilesColor,3488,544,160,192,32,32,0,1,1,4294967295
bTilesColor,3456,544,160,192,32,32,0,1,1,4294967295
bTilesColor,3424,544,160,192,32,32,0,1,1,4294967295
bTilesColor,3392,544,160,192,32,32,0,1,1,4294967295
bTilesColor,3360,544,160,192,32,32,0,1,1,4294967295
bTilesColor,3328,544,160,192,32,32,0,1,1,4294967295
bTilesColor,3296,544,160,192,32,32,0,1,1,4294967295
bTilesColor,3328,576,160,192,32,32,0,1,1,4294967295
bTilesColor,3616,576,160,192,32,32,0,1,1,4294967295
bTilesColor,3648,576,160,192,32,32,0,1,1,4294967295
bTilesStage5,3680,352,0,32,32,32,0,1,1,4294967295
bTilesStage5,3808,352,0,32,32,32,0,1,1,4294967295
bTilesStage5,3776,352,0,32,32,32,0,1,1,4294967295
bTilesStage5,3744,352,0,32,32,32,0,1,1,4294967295
bTilesStage5,3712,352,0,32,32,32,0,1,1,4294967295
bTilesStage5,3840,352,0,32,32,32,0,1,1,4294967295
bTilesStage5,3872,352,0,32,32,32,0,1,1,4294967295
bTilesStage5,3904,352,0,32,32,32,0,1,1,4294967295
bTilesStage5,3936,352,0,32,32,32,0,1,1,4294967295
bTilesStage5,3968,352,0,32,32,32,0,1,1,4294967295
bTilesStage5,4000,352,0,32,32,32,0,1,1,4294967295
bTilesStage5,4032,352,0,32,32,32,0,1,1,4294967295
bTilesStage5,4064,352,0,32,32,32,0,1,1,4294967295
bTilesStage5,4096,352,0,32,32,32,0,1,1,4294967295
bTilesStage5,4128,352,0,32,32,32,0,1,1,4294967295
bTilesStage5,4160,352,0,32,32,32,0,1,1,4294967295
bTilesStage5,4192,352,0,32,32,32,0,1,1,4294967295
bTilesStage5,4224,352,0,32,32,32,0,1,1,4294967295
bTilesStage5,4256,352,0,32,32,32,0,1,1,4294967295
bTilesStage5,4288,352,0,32,32,32,0,1,1,4294967295
bTilesStage5,4320,352,0,32,32,32,0,1,1,4294967295
bTilesStage5,4352,352,0,32,32,32,0,1,1,4294967295
bTilesStage5,4384,352,0,32,32,32,0,1,1,4294967295
bTilesColor,3680,384,160,192,32,32,0,1,1,4294967295
bTilesColor,3712,384,160,192,32,32,0,1,1,4294967295
bTilesColor,3744,384,160,192,32,32,0,1,1,4294967295
bTilesColor,3776,384,160,192,32,32,0,1,1,4294967295
bTilesColor,3808,384,160,192,32,32,0,1,1,4294967295
bTilesColor,3840,384,160,192,32,32,0,1,1,4294967295
bTilesColor,3872,384,160,192,32,32,0,1,1,4294967295
bTilesColor,3904,384,160,192,32,32,0,1,1,4294967295
bTilesColor,3936,384,160,192,32,32,0,1,1,4294967295
bTilesColor,3968,384,160,192,32,32,0,1,1,4294967295
bTilesColor,4000,384,160,192,32,32,0,1,1,4294967295
bTilesColor,4032,384,160,192,32,32,0,1,1,4294967295
bTilesColor,4064,384,160,192,32,32,0,1,1,4294967295
bTilesColor,4096,384,160,192,32,32,0,1,1,4294967295
bTilesColor,4128,384,160,192,32,32,0,1,1,4294967295
bTilesColor,4160,384,160,192,32,32,0,1,1,4294967295
bTilesColor,4192,384,160,192,32,32,0,1,1,4294967295
bTilesColor,4224,384,160,192,32,32,0,1,1,4294967295
bTilesColor,4256,384,160,192,32,32,0,1,1,4294967295
bTilesColor,4288,384,160,192,32,32,0,1,1,4294967295
bTilesColor,4320,384,160,192,32,32,0,1,1,4294967295
bTilesColor,4352,384,160,192,32,32,0,1,1,4294967295
bTilesColor,4384,384,160,192,32,32,0,1,1,4294967295
bTilesColor,4384,416,160,192,32,32,0,1,1,4294967295
bTilesColor,4352,416,160,192,32,32,0,1,1,4294967295
bTilesColor,4320,416,160,192,32,32,0,1,1,4294967295
bTilesColor,4288,416,160,192,32,32,0,1,1,4294967295
bTilesColor,4256,416,160,192,32,32,0,1,1,4294967295
bTilesColor,4224,416,160,192,32,32,0,1,1,4294967295
bTilesColor,4192,416,160,192,32,32,0,1,1,4294967295
bTilesColor,4160,416,160,192,32,32,0,1,1,4294967295
bTilesColor,4128,416,160,192,32,32,0,1,1,4294967295
bTilesColor,4096,416,160,192,32,32,0,1,1,4294967295
bTilesColor,4064,416,160,192,32,32,0,1,1,4294967295
bTilesColor,4032,416,160,192,32,32,0,1,1,4294967295
bTilesColor,4000,416,160,192,32,32,0,1,1,4294967295
bTilesColor,3968,416,160,192,32,32,0,1,1,4294967295
bTilesColor,3936,416,160,192,32,32,0,1,1,4294967295
bTilesColor,3904,416,160,192,32,32,0,1,1,4294967295
bTilesColor,3872,416,160,192,32,32,0,1,1,4294967295
bTilesColor,3840,416,160,192,32,32,0,1,1,4294967295
bTilesColor,3808,416,160,192,32,32,0,1,1,4294967295
bTilesColor,3776,416,160,192,32,32,0,1,1,4294967295
bTilesColor,3744,416,160,192,32,32,0,1,1,4294967295
bTilesColor,3712,416,160,192,32,32,0,1,1,4294967295
bTilesColor,3680,416,160,192,32,32,0,1,1,4294967295
bTilesColor,3680,448,160,192,32,32,0,1,1,4294967295
bTilesColor,3680,480,160,192,32,32,0,1,1,4294967295
bTilesColor,3680,512,160,192,32,32,0,1,1,4294967295
bTilesColor,3680,544,160,192,32,32,0,1,1,4294967295
bTilesColor,3680,576,160,192,32,32,0,1,1,4294967295
bTilesColor,3712,576,160,192,32,32,0,1,1,4294967295
bTilesColor,3712,544,160,192,32,32,0,1,1,4294967295
bTilesColor,3712,512,160,192,32,32,0,1,1,4294967295
bTilesColor,3712,480,160,192,32,32,0,1,1,4294967295
bTilesColor,3712,448,160,192,32,32,0,1,1,4294967295
bTilesColor,3744,448,160,192,32,32,0,1,1,4294967295
bTilesColor,3744,480,160,192,32,32,0,1,1,4294967295
bTilesColor,3744,512,160,192,32,32,0,1,1,4294967295
bTilesColor,3744,544,160,192,32,32,0,1,1,4294967295
bTilesColor,3744,576,160,192,32,32,0,1,1,4294967295
bTilesColor,3776,576,160,192,32,32,0,1,1,4294967295
bTilesColor,3808,576,160,192,32,32,0,1,1,4294967295
bTilesColor,3840,576,160,192,32,32,0,1,1,4294967295
bTilesColor,3872,576,160,192,32,32,0,1,1,4294967295
bTilesColor,3904,576,160,192,32,32,0,1,1,4294967295
bTilesColor,3936,576,160,192,32,32,0,1,1,4294967295
bTilesColor,3968,576,160,192,32,32,0,1,1,4294967295
bTilesColor,4000,576,160,192,32,32,0,1,1,4294967295
bTilesColor,4032,576,160,192,32,32,0,1,1,4294967295
bTilesColor,4096,576,160,192,32,32,0,1,1,4294967295
bTilesColor,4128,576,160,192,32,32,0,1,1,4294967295
bTilesColor,4160,576,160,192,32,32,0,1,1,4294967295
bTilesColor,4192,576,160,192,32,32,0,1,1,4294967295
bTilesColor,4224,576,160,192,32,32,0,1,1,4294967295
bTilesColor,4256,576,160,192,32,32,0,1,1,4294967295
bTilesColor,4288,576,160,192,32,32,0,1,1,4294967295
bTilesColor,4320,576,160,192,32,32,0,1,1,4294967295
bTilesColor,4320,544,160,192,32,32,0,1,1,4294967295
bTilesColor,4352,544,160,192,32,32,0,1,1,4294967295
bTilesColor,4384,544,160,192,32,32,0,1,1,4294967295
bTilesColor,4384,480,160,192,32,32,0,1,1,4294967295
bTilesColor,4384,448,160,192,32,32,0,1,1,4294967295
bTilesColor,4352,448,160,192,32,32,0,1,1,4294967295
bTilesColor,4320,448,160,192,32,32,0,1,1,4294967295
bTilesColor,4288,448,160,192,32,32,0,1,1,4294967295
bTilesColor,4256,448,160,192,32,32,0,1,1,4294967295
bTilesColor,4224,448,160,192,32,32,0,1,1,4294967295
bTilesColor,4192,448,160,192,32,32,0,1,1,4294967295
bTilesColor,4160,448,160,192,32,32,0,1,1,4294967295
bTilesColor,4128,448,160,192,32,32,0,1,1,4294967295
bTilesColor,4096,448,160,192,32,32,0,1,1,4294967295
bTilesColor,4064,448,160,192,32,32,0,1,1,4294967295
bTilesColor,4032,448,160,192,32,32,0,1,1,4294967295
bTilesColor,4000,448,160,192,32,32,0,1,1,4294967295
bTilesColor,3968,448,160,192,32,32,0,1,1,4294967295
bTilesColor,3936,448,160,192,32,32,0,1,1,4294967295
bTilesColor,3904,448,160,192,32,32,0,1,1,4294967295
bTilesColor,3872,448,160,192,32,32,0,1,1,4294967295
bTilesColor,3840,448,160,192,32,32,0,1,1,4294967295
bTilesColor,3808,448,160,192,32,32,0,1,1,4294967295
bTilesColor,3776,448,160,192,32,32,0,1,1,4294967295
bTilesColor,3776,480,160,192,32,32,0,1,1,4294967295
bTilesColor,3808,480,160,192,32,32,0,1,1,4294967295
bTilesColor,3840,480,160,192,32,32,0,1,1,4294967295
bTilesColor,3872,480,160,192,32,32,0,1,1,4294967295
bTilesColor,3904,480,160,192,32,32,0,1,1,4294967295
bTilesColor,3936,480,160,192,32,32,0,1,1,4294967295
bTilesColor,3968,480,160,192,32,32,0,1,1,4294967295
bTilesColor,4000,480,160,192,32,32,0,1,1,4294967295
bTilesColor,4032,480,160,192,32,32,0,1,1,4294967295
bTilesColor,4064,480,160,192,32,32,0,1,1,4294967295
bTilesColor,4096,480,160,192,32,32,0,1,1,4294967295
bTilesColor,4128,480,160,192,32,32,0,1,1,4294967295
bTilesColor,4160,480,160,192,32,32,0,1,1,4294967295
bTilesColor,4192,480,160,192,32,32,0,1,1,4294967295
bTilesColor,4224,480,160,192,32,32,0,1,1,4294967295
bTilesColor,4256,480,160,192,32,32,0,1,1,4294967295
bTilesColor,4288,480,160,192,32,32,0,1,1,4294967295
bTilesColor,4320,480,160,192,32,32,0,1,1,4294967295
bTilesColor,4352,480,160,192,32,32,0,1,1,4294967295
bTilesColor,4384,512,160,192,32,32,0,1,1,4294967295
bTilesColor,4352,512,160,192,32,32,0,1,1,4294967295
bTilesColor,4320,512,160,192,32,32,0,1,1,4294967295
bTilesColor,4288,512,160,192,32,32,0,1,1,4294967295
bTilesColor,4256,512,160,192,32,32,0,1,1,4294967295
bTilesColor,4224,512,160,192,32,32,0,1,1,4294967295
bTilesColor,4192,512,160,192,32,32,0,1,1,4294967295
bTilesColor,4160,512,160,192,32,32,0,1,1,4294967295
bTilesColor,4128,512,160,192,32,32,0,1,1,4294967295
bTilesColor,4096,512,160,192,32,32,0,1,1,4294967295
bTilesColor,4064,512,160,192,32,32,0,1,1,4294967295
bTilesColor,4032,512,160,192,32,32,0,1,1,4294967295
bTilesColor,4000,512,160,192,32,32,0,1,1,4294967295
bTilesColor,3968,512,160,192,32,32,0,1,1,4294967295
bTilesColor,3936,512,160,192,32,32,0,1,1,4294967295
bTilesColor,3904,512,160,192,32,32,0,1,1,4294967295
bTilesColor,3872,512,160,192,32,32,0,1,1,4294967295
bTilesColor,3840,512,160,192,32,32,0,1,1,4294967295
bTilesColor,3808,512,160,192,32,32,0,1,1,4294967295
bTilesColor,3776,512,160,192,32,32,0,1,1,4294967295
bTilesColor,3776,544,160,192,32,32,0,1,1,4294967295
bTilesColor,3808,544,160,192,32,32,0,1,1,4294967295
bTilesColor,3840,544,160,192,32,32,0,1,1,4294967295
bTilesColor,3872,544,160,192,32,32,0,1,1,4294967295
bTilesColor,3904,544,160,192,32,32,0,1,1,4294967295
bTilesColor,3936,544,160,192,32,32,0,1,1,4294967295
bTilesColor,3968,544,160,192,32,32,0,1,1,4294967295
bTilesColor,4000,544,160,192,32,32,0,1,1,4294967295
bTilesColor,4288,544,160,192,32,32,0,1,1,4294967295
bTilesColor,4256,544,160,192,32,32,0,1,1,4294967295
bTilesColor,4224,544,160,192,32,32,0,1,1,4294967295
bTilesColor,4192,544,160,192,32,32,0,1,1,4294967295
bTilesColor,4160,544,160,192,32,32,0,1,1,4294967295
bTilesColor,4128,544,160,192,32,32,0,1,1,4294967295
bTilesColor,4096,544,160,192,32,32,0,1,1,4294967295
bTilesColor,4064,544,160,192,32,32,0,1,1,4294967295
bTilesColor,4032,544,160,192,32,32,0,1,1,4294967295
bTilesColor,4064,576,160,192,32,32,0,1,1,4294967295
bTilesColor,4352,576,160,192,32,32,0,1,1,4294967295
bTilesColor,4384,576,160,192,32,32,0,1,1,4294967295
bTilesStage5,4416,352,0,32,32,32,0,1,1,4294967295
bTilesStage5,4544,352,0,32,32,32,0,1,1,4294967295
bTilesStage5,4512,352,0,32,32,32,0,1,1,4294967295
bTilesStage5,4480,352,0,32,32,32,0,1,1,4294967295
bTilesStage5,4448,352,0,32,32,32,0,1,1,4294967295
bTilesStage5,4576,352,0,32,32,32,0,1,1,4294967295
bTilesStage5,4608,352,0,32,32,32,0,1,1,4294967295
bTilesStage5,4640,352,0,32,32,32,0,1,1,4294967295
bTilesStage5,4672,352,0,32,32,32,0,1,1,4294967295
bTilesStage5,4704,352,0,32,32,32,0,1,1,4294967295
bTilesStage5,4736,352,0,32,32,32,0,1,1,4294967295
bTilesStage5,4768,352,0,32,32,32,0,1,1,4294967295
bTilesColor,4416,384,160,192,32,32,0,1,1,4294967295
bTilesColor,4448,384,160,192,32,32,0,1,1,4294967295
bTilesColor,4480,384,160,192,32,32,0,1,1,4294967295
bTilesColor,4512,384,160,192,32,32,0,1,1,4294967295
bTilesColor,4544,384,160,192,32,32,0,1,1,4294967295
bTilesColor,4576,384,160,192,32,32,0,1,1,4294967295
bTilesColor,4608,384,160,192,32,32,0,1,1,4294967295
bTilesColor,4640,384,160,192,32,32,0,1,1,4294967295
bTilesColor,4672,384,160,192,32,32,0,1,1,4294967295
bTilesColor,4704,384,160,192,32,32,0,1,1,4294967295
bTilesColor,4736,384,160,192,32,32,0,1,1,4294967295
bTilesColor,4768,384,160,192,32,32,0,1,1,4294967295
bTilesColor,4768,416,160,192,32,32,0,1,1,4294967295
bTilesColor,4736,416,160,192,32,32,0,1,1,4294967295
bTilesColor,4704,416,160,192,32,32,0,1,1,4294967295
bTilesColor,4672,416,160,192,32,32,0,1,1,4294967295
bTilesColor,4640,416,160,192,32,32,0,1,1,4294967295
bTilesColor,4608,416,160,192,32,32,0,1,1,4294967295
bTilesColor,4576,416,160,192,32,32,0,1,1,4294967295
bTilesColor,4544,416,160,192,32,32,0,1,1,4294967295
bTilesColor,4512,416,160,192,32,32,0,1,1,4294967295
bTilesColor,4480,416,160,192,32,32,0,1,1,4294967295
bTilesColor,4448,416,160,192,32,32,0,1,1,4294967295
bTilesColor,4416,416,160,192,32,32,0,1,1,4294967295
bTilesColor,4416,448,160,192,32,32,0,1,1,4294967295
bTilesColor,4416,480,160,192,32,32,0,1,1,4294967295
bTilesColor,4416,512,160,192,32,32,0,1,1,4294967295
bTilesColor,4416,544,160,192,32,32,0,1,1,4294967295
bTilesColor,4416,576,160,192,32,32,0,1,1,4294967295
bTilesColor,4448,576,160,192,32,32,0,1,1,4294967295
bTilesColor,4448,544,160,192,32,32,0,1,1,4294967295
bTilesColor,4448,512,160,192,32,32,0,1,1,4294967295
bTilesColor,4448,480,160,192,32,32,0,1,1,4294967295
bTilesColor,4448,448,160,192,32,32,0,1,1,4294967295
bTilesColor,4480,448,160,192,32,32,0,1,1,4294967295
bTilesColor,4480,480,160,192,32,32,0,1,1,4294967295
bTilesColor,4480,512,160,192,32,32,0,1,1,4294967295
bTilesColor,4480,544,160,192,32,32,0,1,1,4294967295
bTilesColor,4480,576,160,192,32,32,0,1,1,4294967295
bTilesColor,4512,576,160,192,32,32,0,1,1,4294967295
bTilesColor,4544,576,160,192,32,32,0,1,1,4294967295
bTilesColor,4576,576,160,192,32,32,0,1,1,4294967295
bTilesColor,4608,576,160,192,32,32,0,1,1,4294967295
bTilesColor,4640,576,160,192,32,32,0,1,1,4294967295
bTilesColor,4672,576,160,192,32,32,0,1,1,4294967295
bTilesColor,4704,576,160,192,32,32,0,1,1,4294967295
bTilesColor,4736,576,160,192,32,32,0,1,1,4294967295
bTilesColor,4768,576,160,192,32,32,0,1,1,4294967295
bTilesColor,4768,448,160,192,32,32,0,1,1,4294967295
bTilesColor,4736,448,160,192,32,32,0,1,1,4294967295
bTilesColor,4704,448,160,192,32,32,0,1,1,4294967295
bTilesColor,4672,448,160,192,32,32,0,1,1,4294967295
bTilesColor,4640,448,160,192,32,32,0,1,1,4294967295
bTilesColor,4608,448,160,192,32,32,0,1,1,4294967295
bTilesColor,4576,448,160,192,32,32,0,1,1,4294967295
bTilesColor,4544,448,160,192,32,32,0,1,1,4294967295
bTilesColor,4512,448,160,192,32,32,0,1,1,4294967295
bTilesColor,4512,480,160,192,32,32,0,1,1,4294967295
bTilesColor,4544,480,160,192,32,32,0,1,1,4294967295
bTilesColor,4576,480,160,192,32,32,0,1,1,4294967295
bTilesColor,4608,480,160,192,32,32,0,1,1,4294967295
bTilesColor,4640,480,160,192,32,32,0,1,1,4294967295
bTilesColor,4672,480,160,192,32,32,0,1,1,4294967295
bTilesColor,4704,480,160,192,32,32,0,1,1,4294967295
bTilesColor,4736,480,160,192,32,32,0,1,1,4294967295
bTilesColor,4768,480,160,192,32,32,0,1,1,4294967295
bTilesColor,4768,512,160,192,32,32,0,1,1,4294967295
bTilesColor,4736,512,160,192,32,32,0,1,1,4294967295
bTilesColor,4704,512,160,192,32,32,0,1,1,4294967295
bTilesColor,4672,512,160,192,32,32,0,1,1,4294967295
bTilesColor,4640,512,160,192,32,32,0,1,1,4294967295
bTilesColor,4608,512,160,192,32,32,0,1,1,4294967295
bTilesColor,4576,512,160,192,32,32,0,1,1,4294967295
bTilesColor,4544,512,160,192,32,32,0,1,1,4294967295
bTilesColor,4512,512,160,192,32,32,0,1,1,4294967295
bTilesColor,4512,544,160,192,32,32,0,1,1,4294967295
bTilesColor,4544,544,160,192,32,32,0,1,1,4294967295
bTilesColor,4576,544,160,192,32,32,0,1,1,4294967295
bTilesColor,4608,544,160,192,32,32,0,1,1,4294967295
bTilesColor,4640,544,160,192,32,32,0,1,1,4294967295
bTilesColor,4672,544,160,192,32,32,0,1,1,4294967295
bTilesColor,4704,544,160,192,32,32,0,1,1,4294967295
bTilesColor,4736,544,160,192,32,32,0,1,1,4294967295
bTilesColor,4768,544,160,192,32,32,0,1,1,4294967295
bTilesStage5,0,288,32,32,32,32,0,1,1,4294967295
bTilesStage5,32,288,32,32,32,32,0,1,1,4294967295
bTilesStage5,64,288,32,32,32,32,0,1,1,4294967295
bTilesStage5,96,288,32,32,32,32,0,1,1,4294967295
bTilesStage5,128,288,32,32,32,32,0,1,1,4294967295
bTilesStage5,4768,288,32,32,32,32,0,1,1,4294967295
bTilesStage5,4736,288,32,32,32,32,0,1,1,4294967295
bTilesStage5,4704,288,32,32,32,32,0,1,1,4294967295
bTilesStage5,4672,288,32,32,32,32,0,1,1,4294967295
bTilesStage5,4640,288,32,32,32,32,0,1,1,4294967295
bTilesStage5,2688,288,32,32,32,32,0,1,1,4294967295
bTilesStage5,2720,288,32,32,32,32,0,1,1,4294967295
bTilesStage5,2752,288,32,32,32,32,0,1,1,4294967295
bTilesStage5,2784,288,32,32,32,32,0,1,1,4294967295
bTilesStage5,2816,288,32,32,32,32,0,1,1,4294967295
bTilesStage5,2848,288,32,32,32,32,0,1,1,4294967295
bTilesStage5,2880,288,32,32,32,32,0,1,1,4294967295
bTilesStage5,2912,288,32,32,32,32,0,1,1,4294967295
bTilesStage5,2944,288,32,32,32,32,0,1,1,4294967295
bTilesStage5,2976,288,32,32,32,32,0,1,1,4294967295
bTilesStage5,3008,288,32,32,32,32,0,1,1,4294967295
bTilesStage5,3040,288,32,32,32,32,0,1,1,4294967295
bTilesStage5,3072,288,32,32,32,32,0,1,1,4294967295
bTilesStage5,3104,288,32,32,32,32,0,1,1,4294967295
bTilesStage5,3136,288,32,32,32,32,0,1,1,4294967295
bTilesStage5,3168,288,32,32,32,32,0,1,1,4294967295
bTilesStage5,3296,288,32,32,32,32,0,1,1,4294967295
bTilesStage5,3264,288,32,32,32,32,0,1,1,4294967295
bTilesStage5,3232,288,32,32,32,32,0,1,1,4294967295
bTilesStage5,3200,288,32,32,32,32,0,1,1,4294967295
bTilesStage5,3328,288,32,32,32,32,0,1,1,4294967295
bTilesStage5,3360,288,32,32,32,32,0,1,1,4294967295
bTilesStage5,2720,160,32,32,32,32,0,1,1,4294967295
bTilesStage5,2848,160,32,32,32,32,0,1,1,4294967295
bTilesStage5,2976,160,32,32,32,32,0,1,1,4294967295
bTilesStage5,3104,160,32,32,32,32,0,1,1,4294967295
bTilesStage5,3232,160,32,32,32,32,0,1,1,4294967295
bTilesStage5,3360,160,32,32,32,32,0,1,1,4294967295
bTilesStage5,3392,288,32,32,32,32,0,1,1,4294967295
