KillerBlock,0,352,B93CC146,0,150,1,4294967295,0,1
KillerBlock,1760,256,5203A0F0,0,1,1,4294967295,0,0
KillerBlock,1760,160,D99CF88F,0,1,1,4294967295,0,0
KillerBlock,1760,64,FD9F0657,0,1,1,4294967295,0,0
KillerBlock,1856,64,F7871127,0,1,1,4294967295,0,0
KillerBlock,1856,160,C102E29A,0,1,1,4294967295,0,0
KillerBlock,1856,256,2B23BDBF,0,1,1,4294967295,0,0
KillerBlock,1952,256,6ADC4100,0,1,1,4294967295,0,0
KillerBlock,1952,160,FF348F7A,0,1,1,4294967295,0,0
KillerBlock,1952,64,910FE610,0,1,1,4294967295,0,0
KillerBlock,2048,64,54043A96,0,1,1,4294967295,0,0
KillerBlock,2048,256,75F116E5,0,1,1,4294967295,0,0
KillerBlock,2048,160,60B5D6CD,0,1,1,4294967295,0,0
KillerBlock,2144,160,54AF3D79,0,1,1,4294967295,0,0
KillerBlock,2144,64,F74AA932,0,1,1,4294967295,0,0
KillerBlock,2144,256,AD2B593A,0,1,1,4294967295,0,0
KillerBlock,2240,160,8DE25510,0,1,1,4294967295,0,0
KillerBlock,2240,64,C89D0B75,0,1,1,4294967295,0,0
KillerBlock,2240,256,C9C51275,0,1,1,4294967295,0,0
KillerBlock,2336,256,05F0E797,0,1,1,4294967295,0,0
KillerBlock,2336,160,285E764C,0,1,1,4294967295,0,0
KillerBlock,2336,64,DB6262AB,0,1,1,4294967295,0,0
KillerBlock,2432,64,2E346AA9,0,1,1,4294967295,0,0
KillerBlock,2432,160,779BB8AC,0,1,1,4294967295,0,0
KillerBlock,2432,256,F3D6D595,0,1,1,4294967295,0,0
Block,0,288,80D60E8F,0,1,1,4294967295,0,0
Block,32,288,00EED930,0,1,1,4294967295,0,0
Block,64,288,5638425F,0,1,1,4294967295,0,0
Block,96,288,986A4CA3,0,1,1,4294967295,0,0
Block,128,288,18D8500D,0,1,1,4294967295,0,0
Block,4640,288,B77C4CA0,0,1,1,4294967295,0,0
Block,4672,288,F16DCA96,0,1,1,4294967295,0,0
Block,4704,288,0C735674,0,1,1,4294967295,0,0
Block,4736,288,2640CD21,0,1,1,4294967295,0,0
Block,4768,288,F2052E95,0,1,1,4294967295,0,0
Block,384,0,64D2D2B9,0,1,1,4294967295,0,0
Block,416,0,0108BAB6,0,1,1,4294967295,0,0
Block,448,0,A3CC5355,0,1,1,4294967295,0,0
Block,480,0,33FB2B9F,0,1,1,4294967295,0,0
Block,512,0,462AEE42,0,1,1,4294967295,0,0
Block,544,0,BB91E39D,0,1,1,4294967295,0,0
Block,576,0,A45B2AB1,0,1,1,4294967295,0,0
Block,608,0,1B476483,0,1,1,4294967295,0,0
Block,2688,288,38666A24,0,1,1,4294967295,0,0
Block,2720,288,F03FA596,0,1,1,4294967295,0,0
Block,2752,288,A22FA507,0,1,1,4294967295,0,0
Block,2784,288,C17DFC6E,0,1,1,4294967295,0,0
Block,2816,288,4CF7C6DB,0,1,1,4294967295,0,0
Block,2848,288,F057ECD9,0,1,1,4294967295,0,0
Block,2880,288,B0375C3D,0,1,1,4294967295,0,0
Block,2912,288,415372D1,0,1,1,4294967295,0,0
Block,2944,288,EC3838AD,0,1,1,4294967295,0,0
Block,2976,288,062D0F4C,0,1,1,4294967295,0,0
Block,3008,288,BBDDF53F,0,1,1,4294967295,0,0
Block,3040,288,FF0978FC,0,1,1,4294967295,0,0
Block,3072,288,42DF16DE,0,1,1,4294967295,0,0
Block,3104,288,81840B78,0,1,1,4294967295,0,0
Block,3136,288,4C55FDC2,0,1,1,4294967295,0,0
Block,3168,288,74CB1E69,0,1,1,4294967295,0,0
Block,3200,288,CF25B810,0,1,1,4294967295,0,0
Block,3232,288,CCD967EF,0,1,1,4294967295,0,0
Block,3264,288,21870D0D,0,1,1,4294967295,0,0
Block,3296,288,E730CAE7,0,1,1,4294967295,0,0
Block,3328,288,08375564,0,1,1,4294967295,0,0
Block,3360,288,934522E9,0,1,1,4294967295,0,0
Block,3392,288,6E0CA556,0,1,1,4294967295,0,0
Block,3360,160,2785694D,0,1,1,4294967295,0,0
Block,3232,160,CA6BE6A7,0,1,1,4294967295,0,0
Block,3104,160,6D1281B1,0,1,1,4294967295,0,0
Block,2976,160,259501F3,0,1,1,4294967295,0,0
Block,2848,160,3C723D7A,0,1,1,4294967295,0,0
Block,2720,160,B7C9A54F,0,1,1,4294967295,0,0
objRandFieldController,864,0,8B7530A4,0,24,12,4294967295,0,1
objRandFieldController,1696,32,A38CDEEE,0,26,10,4294967295,0,1
objRandFieldController,2688,0,BB6A3352,0,23,11,4294967295,0,1
objRandFieldController,3552,0,709B95A8,0,29,11,4294967295,0,1
objRandFieldController,3584,32,B3049DAA,0,27,9,4278190335,0,1
objRandDestroyer,2688,32,002FFD41,0,1,1,4294967295,0,1
SaveHard,64,256,66E1A428,0,1,1,4294967295,0,0
objSadistMaruta,160,320,0031EFB0,0,1,1,4294967295,0,0
Camera,32,224,DA08FBC5,0,1,1,4294967295,0,1
objWarpNext,4768,256,00EFD5AB,0,1,1,4294967295,0,0
objSadistBlock,384,448,2A8F8758,0,1,1,4294967295,0,0
objSadistBlock,416,448,9707B768,0,1,1,4294967295,0,0
objSadistBlock,448,448,07CFCD33,0,1,1,4294967295,0,0
objSadistBlock,480,448,0EB498AB,0,1,1,4294967295,0,0
objSadistBlock,512,448,BF94797B,0,1,1,4294967295,0,0
objSadistBlock,544,448,68E59ADA,0,1,1,4294967295,0,0
objSadistBlock,576,448,519C3C84,0,1,1,4294967295,0,0
objSadistBlock,608,448,20367CAC,0,1,1,4294967295,0,0
Cherry,400,48,F8CD7A6E,0,1,1,4294967295,0,1
Cherry,432,48,20BFF2C9,0,1,1,4294967295,0,1
Cherry,464,48,809A42A5,0,1,1,4294967295,0,1
Cherry,496,48,D5CDE28D,0,1,1,4294967295,0,1
Cherry,528,48,6BA0A0A8,0,1,1,4294967295,0,1
Cherry,560,48,39B04FFD,0,1,1,4294967295,0,1
Cherry,592,48,A292335E,0,1,1,4294967295,0,1
Cherry,624,48,2DF6FB6A,0,1,1,4294967295,0,1
PlayerStart,32,256,11EEC936,0,1,1,4294967295,0,0
