objRandSpike,128,544,20A24DCF,0,1,1,4294967295,0,0
objRandSpike,128,416,9422FEB2,0,1,1,4294967295,0,0
objRandSpike,128,288,F962370A,0,1,1,4294967295,0,0
objRandSpike,128,160,2637C99E,0,1,1,4294967295,0,0
objRandSpike,128,32,2F1A1B64,0,1,1,4294967295,0,0
objRandSpike,256,544,25A6843A,0,1,1,4294967295,0,0
objRandSpike,256,416,978CFA3B,0,1,1,4294967295,0,0
objRandSpike,256,288,D90AA74D,0,1,1,4294967295,0,0
objRandSpike,256,160,A3A08C66,0,1,1,4294967295,0,0
objRandSpike,256,32,ACE2AA7A,0,1,1,4294967295,0,0
objRandSpike,384,544,8AC6E375,0,1,1,4294967295,0,0
objRandSpike,384,416,FE678CCA,0,1,1,4294967295,0,0
objRandSpike,384,288,7B851701,0,1,1,4294967295,0,0
objRandSpike,384,160,CF45CCD1,0,1,1,4294967295,0,0
objRandSpike,384,32,DB69F799,0,1,1,4294967295,0,0
objRandSpike,512,544,D64DF588,0,1,1,4294967295,0,0
objRandSpike,512,416,F0AF92F9,0,1,1,4294967295,0,0
objRandSpike,512,288,D15C3F73,0,1,1,4294967295,0,0
objRandSpike,512,160,1B3ABCA0,0,1,1,4294967295,0,0
objRandSpike,512,32,500D1E54,0,1,1,4294967295,0,0
objRandSpike,640,544,3CB4A027,0,1,1,4294967295,0,0
objRandSpike,640,416,D7A93012,0,1,1,4294967295,0,0
objRandSpike,640,288,9EEFD39B,0,1,1,4294967295,0,0
objRandSpike,640,160,1B97CF55,0,1,1,4294967295,0,0
objRandSpike,640,32,90FF935A,0,1,1,4294967295,0,0
Block,0,576,8B21F1C7,0,3,1,4294967295,0,0
objRandDestroyer,0,512,7FF308DA,0,3,3,4294967295,0,0
SaveHard,32,544,E3C00B6D,0,1,1,4294967295,0,0
objRandController,32,32,346F4643,0,1,1,4294967295,0,1
objWarpNext,736,32,778813E9,0,1,1,4294967295,0,0
PlayerStart,32,544,F563BC31,0,1,1,4294967295,0,0
