Block,352,576,E1D419AC,0,3,1,4294967295,0,0
objRandDestroyer,352,512,74E973E2,0,3,3,4294967295,0,0
objRandDestroyer,-32,-32,6995AD8A,0,4,2,4294967295,0,0
objRandController,32,32,003C7383,0,1,1,4294967295,0,1
SaveHard,384,544,429E957A,0,1,1,4294967295,0,0
objPointSAttack,32,96,8DAF66EE,0,1,1,4294967295,0,0
objPointSAttack,64,96,DEF57B39,0,1,1,4294967295,0,0
objPointSAttack,96,96,F429142B,0,1,1,4294967295,0,0
objPointSAttack,128,96,0697F224,0,1,1,4294967295,0,0
objPointSAttack,160,96,6AC411AF,0,1,1,4294967295,0,0
objPointSAttack,32,128,B0E0E77F,0,1,1,4294967295,0,0
objPointSAttack,64,128,461604F2,0,1,1,4294967295,0,0
objPointSAttack,96,128,BB4DBA0F,0,1,1,4294967295,0,0
objPointSAttack,128,128,37B6B80F,0,1,1,4294967295,0,0
objPointSAttack,160,128,9518265A,0,1,1,4294967295,0,0
objPointSAttack,32,160,4B6DD601,0,1,1,4294967295,0,0
objPointSAttack,64,160,F23ADDAF,0,1,1,4294967295,0,0
objPointSAttack,96,160,2422A8E5,0,1,1,4294967295,0,0
objPointSAttack,128,160,A645471C,0,1,1,4294967295,0,0
objPointSAttack,160,160,746E9623,0,1,1,4294967295,0,0
objPointSAttack,32,192,F496D4E5,0,1,1,4294967295,0,0
objPointSAttack,64,192,9D852596,0,1,1,4294967295,0,0
objPointSAttack,96,192,AF9778DD,0,1,1,4294967295,0,0
objPointSAttack,128,192,5F5C28C1,0,1,1,4294967295,0,0
objPointSAttack,160,192,5BF45AD9,0,1,1,4294967295,0,0
objPointSAttack,32,224,BA301C18,0,1,1,4294967295,0,0
objPointSAttack,64,224,A49956EC,0,1,1,4294967295,0,0
objPointSAttack,96,224,573D0A03,0,1,1,4294967295,0,0
objPointSAttack,128,224,47323989,0,1,1,4294967295,0,0
objPointSAttack,160,224,AE45040B,0,1,1,4294967295,0,0
objWarpRequired,384,32,00000547,0,1,1,4294967295,0,1
objPointSAttack,192,96,2A447B87,0,1,1,4294967295,0,0
objPointSAttack,192,128,CB8E9DE9,0,1,1,4294967295,0,0
objPointSAttack,192,160,39BA90D2,0,1,1,4294967295,0,0
objPointSAttack,192,192,8689D246,0,1,1,4294967295,0,0
objPointSAttack,192,224,D4CE21C7,0,1,1,4294967295,0,0
objPointSAttack,32,256,C6D25B66,0,1,1,4294967295,0,0
objPointSAttack,64,256,62B8F6A5,0,1,1,4294967295,0,0
objPointSAttack,96,256,3CC602B7,0,1,1,4294967295,0,0
objPointSAttack,128,256,B5BCC71A,0,1,1,4294967295,0,0
objPointSAttack,160,256,1AABF286,0,1,1,4294967295,0,0
objPointSAttack,192,256,03DFE818,0,1,1,4294967295,0,0
objPointSAttack,224,96,979BFA02,0,1,1,4294967295,0,0
objPointSAttack,224,128,6B53D13E,0,1,1,4294967295,0,0
objPointSAttack,224,160,D83799B8,0,1,1,4294967295,0,0
objPointSAttack,224,192,6ED5E0D8,0,1,1,4294967295,0,0
objPointSAttack,224,224,38829151,0,1,1,4294967295,0,0
objPointSAttack,224,256,168F3543,0,1,1,4294967295,0,0
objPointSAttack,32,288,6946F505,0,1,1,4294967295,0,0
objPointSAttack,64,288,0E76F5F6,0,1,1,4294967295,0,0
objPointSAttack,96,288,F7E674D1,0,1,1,4294967295,0,0
objPointSAttack,128,288,DE015A03,0,1,1,4294967295,0,0
objPointSAttack,160,288,DB57AB34,0,1,1,4294967295,0,0
objPointSAttack,192,288,2F7F59E3,0,1,1,4294967295,0,0
objPointSAttack,224,288,04B6DF12,0,1,1,4294967295,0,0
objTimerSAttack,48,16,466D9AE6,0,1,1,4294967295,0,0
PlayerStart,384,544,8C94D510,0,1,1,4294967295,0,0
