SpikeUp,192,480,AE8C4F27,0,1,1,4294967295,0,0
SpikeUp,224,480,6E94537F,0,1,1,4294967295,0,0
SpikeUp,256,480,A52EBA47,0,1,1,4294967295,0,0
SpikeUp,288,480,16C3B720,0,1,1,4294967295,0,0
SpikeUp,320,480,D65652C2,0,1,1,4294967295,0,0
SpikeUp,352,480,66FF6DD6,0,1,1,4294967295,0,0
SpikeUp,384,480,93E71821,0,1,1,4294967295,0,0
SpikeUp,416,480,F98F41DF,0,1,1,4294967295,0,0
SpikeUp,448,480,3190A16F,0,1,1,4294967295,0,0
SpikeUp,480,480,84E64B24,0,1,1,4294967295,0,0
SpikeUp,512,480,AD2EC97F,0,1,1,4294967295,0,0
SpikeUp,544,480,702A5F41,0,1,1,4294967295,0,0
SpikeUp,576,480,09987B30,0,1,1,4294967295,0,0
SpikeUp,608,480,B9ADB9CF,0,1,1,4294967295,0,0
SpikeUp,640,480,B94015FB,0,1,1,4294967295,0,0
SpikeUp,672,480,11C24016,0,1,1,4294967295,0,0
SpikeDown,96,96,857FB623,0,1,1,4294967295,0,0
SpikeDown,128,96,5BB58236,0,1,1,4294967295,0,0
SpikeDown,160,96,D7B92A2F,0,1,1,4294967295,0,0
SpikeDown,192,96,9AE1E420,0,1,1,4294967295,0,0
SpikeDown,224,96,D92730B4,0,1,1,4294967295,0,0
SpikeDown,256,96,42F8D2FB,0,1,1,4294967295,0,0
SpikeDown,288,96,D58AD004,0,1,1,4294967295,0,0
SpikeDown,320,96,684A1B3A,0,1,1,4294967295,0,0
SpikeDown,352,96,2466500E,0,1,1,4294967295,0,0
SpikeDown,384,96,DD9BE4B7,0,1,1,4294967295,0,0
SpikeDown,416,96,9DA5844F,0,1,1,4294967295,0,0
SpikeDown,448,96,40EB0545,0,1,1,4294967295,0,0
SpikeDown,480,96,83F127AB,0,1,1,4294967295,0,0
SpikeDown,512,96,BD1C363B,0,1,1,4294967295,0,0
SpikeDown,544,96,F6DD9FF5,0,1,1,4294967295,0,0
SpikeDown,576,96,6B5B0247,0,1,1,4294967295,0,0
Block,0,0,1FAD8C0A,0,25,3,4294967295,0,0
Block,704,96,8BBEFBE3,0,3,13,4294967295,0,0
Block,0,96,58170A43,0,3,13,4294967295,0,0
Block,0,512,0A78D07E,0,25,3,4294967295,0,0
objWHGWall,640,96,98E2E55E,0,2,2,4294967295,0,0
objRandDestroyer,96,448,26E1BD54,0,2,2,4294967295,0,0
objRandDestroyer,640,96,93354D86,0,2,2,4294967295,0,0
SaveHard,96,480,B580338D,0,1,1,4294967295,0,0
objWarpNext,672,96,D1D24339,0,1,1,4294967295,0,0
objRandController,128,384,A3D4862B,0,1,1,4294967295,0,1
objWHGBlueBall,128,160,00199FDA,0,1,1,4294967295,0,0
objWHGBlueBall,160,160,003AA605,0,1,1,4294967295,0,0
objWHGBlueBall,192,160,00290DFC,0,1,1,4294967295,0,0
objWHGBlueBall,224,160,002CB9B3,0,1,1,4294967295,0,0
objWHGBlueBall,256,160,00261E5B,0,1,1,4294967295,0,0
objWHGBlueBall,288,160,003BCA20,0,1,1,4294967295,0,0
objWHGBlueBall,320,160,002E320D,0,1,1,4294967295,0,0
objWHGBlueBall,352,160,0031A4AC,0,1,1,4294967295,0,0
objWHGCoin,128,224,002A6D91,0,1,1,4294967295,0,0
objWHGCoin,160,224,000AB91C,0,1,1,4294967295,0,0
objWHGCoin,192,224,0031B0D5,0,1,1,4294967295,0,0
objWHGCoin,224,224,0011BF62,0,1,1,4294967295,0,0
objWHGCoin,256,224,001BD324,0,1,1,4294967295,0,0
objWHGCoin,288,224,00005DD0,0,1,1,4294967295,0,0
objWHGBlueBall,384,160,001A00FC,0,1,1,4294967295,0,0
objWHGBlueBall,416,160,003CA5F5,0,1,1,4294967295,0,0
objWHGBlueBall,448,160,003BF49D,0,1,1,4294967295,0,0
objWHGBlueBall,480,160,003C2CB1,0,1,1,4294967295,0,0
objWHGBlueBall,512,160,0008AA5D,0,1,1,4294967295,0,0
objWHGBlueBall,544,160,002F561C,0,1,1,4294967295,0,0
objWHGCoin,320,224,268400E0,0,1,1,4294967295,0,0
PlayerStart,96,480,4B8B70C2,0,1,1,4294967295,0,0
