Block,0,576,8B21F1C7,0,3,1,4294967295,0,0
Block,-32,0,B5885BA2,0,1,1,4294967295,0,0
Block,-32,32,E17BBD54,0,1,1,4294967295,0,0
Block,-32,64,E6E91620,0,1,1,4294967295,0,0
Block,-32,96,AE9BF1E0,0,1,1,4294967295,0,0
Block,-32,128,C263D050,0,1,1,4294967295,0,0
Block,-32,160,F147965C,0,1,1,4294967295,0,0
Block,-32,192,DCD3288D,0,1,1,4294967295,0,0
Block,-32,224,A25B6BCF,0,1,1,4294967295,0,0
Block,-32,256,DD10FDEA,0,1,1,4294967295,0,0
Block,-32,288,02D6C344,0,1,1,4294967295,0,0
Block,-32,320,D8805A8E,0,1,1,4294967295,0,0
Block,-32,352,09379D86,0,1,1,4294967295,0,0
Block,-32,384,0B4BD02B,0,1,1,4294967295,0,0
Block,-32,416,BEB6F22A,0,1,1,4294967295,0,0
Block,-32,448,D207A34D,0,1,1,4294967295,0,0
Block,-32,480,D8D09B4D,0,1,1,4294967295,0,0
Block,-32,512,9A099F12,0,1,1,4294967295,0,0
Block,-32,544,222422CB,0,1,1,4294967295,0,0
Block,-32,576,D8F6DE38,0,1,1,4294967295,0,0
objRandDestroyer,0,512,7FF308DA,0,3,3,4294967295,0,0
objRandDestroyer,640,256,8DC9026B,0,3,3,4294967295,0,0
objFinalBossWarpTimer,672,288,B0EB0B44,0,1,1,4294967295,0,0
objRandController,32,64,346F4643,0,1,1,4294967295,0,1
objSaltTimer,32,96,003A4279,0,1,1,4294967295,0,0
objFinalBossTimer,64,32,003A54FE,0,1,1,4294967295,0,0
PlayerStart,0,544,F563BC31,0,1,1,4294967295,0,0
