SpikeUp,1184,512,CFAE925B,0,1,1,4294967295,0,0
SpikeUp,1216,512,770AD220,0,1,1,4294967295,0,0
SpikeUp,1248,512,4D30ED0B,0,1,1,4294967295,0,0
SpikeUp,1280,512,09D88505,0,1,1,4294967295,0,0
SpikeUp,1312,512,A176A16A,0,1,1,4294967295,0,0
SpikeUp,1344,512,BD149B16,0,1,1,4294967295,0,0
SpikeUp,1376,512,9623ED2D,0,1,1,4294967295,0,0
SpikeUp,1408,512,059E09F3,0,1,1,4294967295,0,0
SpikeUp,1440,512,7EAEBD8E,0,1,1,4294967295,0,0
SpikeUp,1472,512,E6D1D536,0,1,1,4294967295,0,0
SpikeUp,1504,512,F9659A75,0,1,1,4294967295,0,0
SpikeUp,1536,512,2AF3C28E,0,1,1,4294967295,0,0
SpikeUp,1568,512,242DD267,0,1,1,4294967295,0,0
SpikeUp,1600,512,E4FC89AB,0,1,1,4294967295,0,0
SpikeUp,1632,512,208CE34D,0,1,1,4294967295,0,0
SpikeUp,1664,512,F1134716,0,1,1,4294967295,0,0
SpikeUp,1696,512,B1941561,0,1,1,4294967295,0,0
SpikeUp,1728,512,6F772381,0,1,1,4294967295,0,0
SpikeUp,1760,512,55DEBD89,0,1,1,4294967295,0,0
SpikeUp,1792,512,DA6C912C,0,1,1,4294967295,0,0
SpikeUp,1824,512,E254BA70,0,1,1,4294967295,0,0
SpikeUp,1856,512,F6A6F306,0,1,1,4294967295,0,0
SpikeUp,1888,512,006D0D85,0,1,1,4294967295,0,0
SpikeUp,1920,512,1C739E02,0,1,1,4294967295,0,0
SpikeUp,1952,512,A3981CF1,0,1,1,4294967295,0,0
SpikeUp,1984,512,3135CB78,0,1,1,4294967295,0,0
SpikeUp,2016,512,28F81247,0,1,1,4294967295,0,0
SpikeUp,2048,512,F661BD4A,0,1,1,4294967295,0,0
SpikeUp,2080,512,406CB4DB,0,1,1,4294967295,0,0
SpikeUp,2112,512,8ED532F6,0,1,1,4294967295,0,0
SpikeUp,2144,512,052C441F,0,1,1,4294967295,0,0
SpikeUp,2176,512,8E46036A,0,1,1,4294967295,0,0
SpikeUp,2208,512,8266556D,0,1,1,4294967295,0,0
SpikeUp,2240,512,22AA5FC3,0,1,1,4294967295,0,0
SpikeUp,2272,512,4E4419F4,0,1,1,4294967295,0,0
SpikeUp,2304,512,C0A526C6,0,1,1,4294967295,0,0
SpikeUp,2336,512,A50BBDA0,0,1,1,4294967295,0,0
SpikeUp,2368,512,4B01E03F,0,1,1,4294967295,0,0
SpikeUp,2400,512,27851248,0,1,1,4294967295,0,0
SpikeUp,2432,512,93398007,0,1,1,4294967295,0,0
SpikeUp,2464,512,11ACD717,0,1,1,4294967295,0,0
SpikeUp,2496,512,0C985570,0,1,1,4294967295,0,0
SpikeUp,2528,512,F7C51907,0,1,1,4294967295,0,0
SpikeUp,2560,512,CF002FB3,0,1,1,4294967295,0,0
SpikeUp,2592,512,DE2AB7AD,0,1,1,4294967295,0,0
SpikeUp,2624,512,5047C0E9,0,1,1,4294967295,0,0
SpikeUp,2656,512,BF96F5B3,0,1,1,4294967295,0,0
SpikeUp,2688,512,FA6F9235,0,1,1,4294967295,0,0
SpikeUp,2720,512,2560AEB6,0,1,1,4294967295,0,0
SpikeUp,2752,512,1A26D7B1,0,1,1,4294967295,0,0
SpikeUp,2784,512,A576C85B,0,1,1,4294967295,0,0
SpikeUp,2816,512,BDCD2E37,0,1,1,4294967295,0,0
SpikeUp,2848,512,DDF7F771,0,1,1,4294967295,0,0
SpikeUp,2880,512,F4B6E55E,0,1,1,4294967295,0,0
SpikeUp,2912,512,5A81C056,0,1,1,4294967295,0,0
SpikeUp,2944,512,79FBBA45,0,1,1,4294967295,0,0
SpikeUp,2976,512,FB183A45,0,1,1,4294967295,0,0
SpikeUp,3008,512,BFADF50A,0,1,1,4294967295,0,0
SpikeUp,3040,512,F1B235C2,0,1,1,4294967295,0,0
SpikeUp,3072,512,871BE1FC,0,1,1,4294967295,0,0
SpikeUp,3104,512,F5D5F943,0,1,1,4294967295,0,0
SpikeUp,3136,512,B3E4972E,0,1,1,4294967295,0,0
SpikeUp,3168,512,DACE8A3A,0,1,1,4294967295,0,0
SpikeUp,3200,512,3787EEEB,0,1,1,4294967295,0,0
SpikeUp,3232,512,B01010F3,0,1,1,4294967295,0,0
SpikeUp,3264,512,8FAB1F06,0,1,1,4294967295,0,0
SpikeUp,3296,512,E63A70AF,0,1,1,4294967295,0,0
SpikeUp,3328,512,70CD75B1,0,1,1,4294967295,0,0
SpikeUp,3360,512,9F77885A,0,1,1,4294967295,0,0
SpikeUp,3392,512,6B67632D,0,1,1,4294967295,0,0
SpikeUp,3424,512,5427BFBD,0,1,1,4294967295,0,0
SpikeUp,3456,512,70C127FF,0,1,1,4294967295,0,0
SpikeUp,3488,512,36585613,0,1,1,4294967295,0,0
SpikeUp,3520,512,74F30CD2,0,1,1,4294967295,0,0
SpikeUp,3552,512,A3B31D79,0,1,1,4294967295,0,0
SpikeUp,3584,512,0DBB0D68,0,1,1,4294967295,0,0
SpikeUp,3616,512,98C9A845,0,1,1,4294967295,0,0
SpikeUp,3648,512,FF5D2972,0,1,1,4294967295,0,0
SpikeUp,3680,512,029BCC82,0,1,1,4294967295,0,0
SpikeUp,3712,512,E5D9D2AE,0,1,1,4294967295,0,0
SpikeUp,3744,512,45C3F87C,0,1,1,4294967295,0,0
SpikeUp,3776,512,C9BA988F,0,1,1,4294967295,0,0
SpikeUp,3808,512,BD66D6FD,0,1,1,4294967295,0,0
SpikeUp,3840,512,DAEF1367,0,1,1,4294967295,0,0
SpikeUp,3872,512,FFF8ADD3,0,1,1,4294967295,0,0
SpikeUp,3904,512,C6B5DD68,0,1,1,4294967295,0,0
SpikeUp,3936,512,815B946D,0,1,1,4294967295,0,0
SpikeUp,3968,512,68D5A159,0,1,1,4294967295,0,0
SpikeUp,4000,512,F7C96709,0,1,1,4294967295,0,0
SpikeUp,4032,512,B13CFF92,0,1,1,4294967295,0,0
SpikeUp,4064,512,AA9F881B,0,1,1,4294967295,0,0
SpikeUp,4096,512,F3E9503A,0,1,1,4294967295,0,0
SpikeUp,4128,512,EB65F21A,0,1,1,4294967295,0,0
SpikeUp,4160,512,4C24C79F,0,1,1,4294967295,0,0
SpikeUp,4192,512,A3E04F9A,0,1,1,4294967295,0,0
SpikeUp,4224,512,F36E68B3,0,1,1,4294967295,0,0
SpikeUp,4256,512,CAC746D9,0,1,1,4294967295,0,0
SpikeUp,4288,512,01F6A4D5,0,1,1,4294967295,0,0
SpikeUp,4320,512,87DE8227,0,1,1,4294967295,0,0
SpikeUp,4352,512,AA3BD49E,0,1,1,4294967295,0,0
SpikeUp,4384,512,F3B76563,0,1,1,4294967295,0,0
SpikeUp,4416,512,604295DA,0,1,1,4294967295,0,0
SpikeUp,4448,512,8EE42766,0,1,1,4294967295,0,0
SpikeUp,4480,512,014041A6,0,1,1,4294967295,0,0
SpikeUp,4512,512,41BB9D7E,0,1,1,4294967295,0,0
SpikeUp,4544,512,B1EB4E26,0,1,1,4294967295,0,0
SpikeUp,4576,512,722A2B98,0,1,1,4294967295,0,0
SpikeUp,4608,512,47CED2A6,0,1,1,4294967295,0,0
SpikeUp,5376,512,E3F6174A,0,1,1,4294967295,0,0
SpikeUp,5344,512,140A0641,0,1,1,4294967295,0,0
SpikeUp,5312,512,7B75CA73,0,1,1,4294967295,0,0
SpikeUp,5280,512,336E8A5D,0,1,1,4294967295,0,0
SpikeUp,5248,512,63895790,0,1,1,4294967295,0,0
SpikeUp,5216,512,CF10C7C6,0,1,1,4294967295,0,0
SpikeUp,5184,512,F0893B4A,0,1,1,4294967295,0,0
SpikeUp,5152,512,A3CCC199,0,1,1,4294967295,0,0
SpikeUp,5120,512,BD312E91,0,1,1,4294967295,0,0
SpikeUp,5088,512,AFAE2E3F,0,1,1,4294967295,0,0
SpikeUp,5056,512,F7C6FDB7,0,1,1,4294967295,0,0
SpikeUp,5024,512,4C1CD329,0,1,1,4294967295,0,0
SpikeUp,4992,512,3A991509,0,1,1,4294967295,0,0
SpikeUp,4960,512,BBCF5D3A,0,1,1,4294967295,0,0
SpikeUp,4928,512,B75AAE1E,0,1,1,4294967295,0,0
SpikeUp,4896,512,AB947EE0,0,1,1,4294967295,0,0
SpikeUp,4864,512,A5E9244D,0,1,1,4294967295,0,0
SpikeUp,4832,512,AD914643,0,1,1,4294967295,0,0
SpikeUp,4800,512,E54EE52C,0,1,1,4294967295,0,0
SpikeUp,4768,512,55E313CF,0,1,1,4294967295,0,0
SpikeUp,4736,512,25665B19,0,1,1,4294967295,0,0
SpikeUp,4704,512,2B98621B,0,1,1,4294967295,0,0
SpikeUp,4672,512,943C9547,0,1,1,4294967295,0,0
SpikeUp,4640,512,A3DAC68A,0,1,1,4294967295,0,0
SpikeDown,5504,64,33C4E7C5,0,1,1,4294967295,0,0
SpikeDown,5472,64,DD8CFA42,0,1,1,4294967295,0,0
SpikeDown,5440,64,49B7DD4F,0,1,1,4294967295,0,0
SpikeDown,5408,64,D9815107,0,1,1,4294967295,0,0
SpikeDown,5376,64,C6B11F22,0,1,1,4294967295,0,0
SpikeDown,5344,64,175BAD78,0,1,1,4294967295,0,0
SpikeDown,5312,64,D604A57D,0,1,1,4294967295,0,0
SpikeDown,5280,64,00551E5A,0,1,1,4294967295,0,0
SpikeDown,5248,64,24AB5899,0,1,1,4294967295,0,0
SpikeDown,5216,64,426AFB51,0,1,1,4294967295,0,0
SpikeDown,5184,64,8D2154A3,0,1,1,4294967295,0,0
SpikeDown,5152,64,49070C3D,0,1,1,4294967295,0,0
SpikeDown,5120,64,04AC6FFC,0,1,1,4294967295,0,0
SpikeDown,5088,64,9D20F881,0,1,1,4294967295,0,0
SpikeDown,5056,64,E0DB683C,0,1,1,4294967295,0,0
SpikeDown,5024,64,7B5FCDA6,0,1,1,4294967295,0,0
SpikeDown,4992,64,89BCED97,0,1,1,4294967295,0,0
SpikeDown,4960,64,327C5CCE,0,1,1,4294967295,0,0
SpikeDown,4928,64,10BD5D2E,0,1,1,4294967295,0,0
SpikeDown,4896,64,889AB5A1,0,1,1,4294967295,0,0
SpikeDown,4864,64,1880B950,0,1,1,4294967295,0,0
SpikeDown,4832,64,1E5081BD,0,1,1,4294967295,0,0
SpikeDown,4800,64,8B0ED9B5,0,1,1,4294967295,0,0
SpikeDown,4768,64,0439AE19,0,1,1,4294967295,0,0
SpikeDown,4736,64,867AF1B5,0,1,1,4294967295,0,0
SpikeDown,4704,64,39167626,0,1,1,4294967295,0,0
SpikeDown,4672,64,E1F2DFE9,0,1,1,4294967295,0,0
SpikeDown,4640,64,BFD342F9,0,1,1,4294967295,0,0
SpikeDown,4608,64,33C9B19F,0,1,1,4294967295,0,0
SpikeDown,4576,64,5F6ACBC3,0,1,1,4294967295,0,0
SpikeDown,4544,64,813D4A1A,0,1,1,4294967295,0,0
SpikeDown,4512,64,FD84B040,0,1,1,4294967295,0,0
SpikeDown,4480,64,B379506D,0,1,1,4294967295,0,0
SpikeDown,4448,64,1610D56E,0,1,1,4294967295,0,0
SpikeDown,4416,64,F88C3442,0,1,1,4294967295,0,0
SpikeDown,4384,64,2A8FDA1C,0,1,1,4294967295,0,0
SpikeDown,4352,64,1645301A,0,1,1,4294967295,0,0
SpikeDown,4320,64,19307CB3,0,1,1,4294967295,0,0
SpikeDown,4288,64,324D0FE4,0,1,1,4294967295,0,0
SpikeDown,4256,64,AA4A276E,0,1,1,4294967295,0,0
SpikeDown,4224,64,DEB30D2A,0,1,1,4294967295,0,0
SpikeDown,4192,64,DC474A8D,0,1,1,4294967295,0,0
SpikeDown,4160,64,9D880BEC,0,1,1,4294967295,0,0
SpikeDown,4128,64,8890CD38,0,1,1,4294967295,0,0
SpikeDown,4096,64,A818718A,0,1,1,4294967295,0,0
SpikeDown,4064,64,A9E76EAC,0,1,1,4294967295,0,0
SpikeDown,4032,64,F246D1DF,0,1,1,4294967295,0,0
SpikeDown,4000,64,D78379AB,0,1,1,4294967295,0,0
SpikeDown,3968,64,D6665ECF,0,1,1,4294967295,0,0
SpikeDown,3936,64,C10AC9EF,0,1,1,4294967295,0,0
SpikeDown,3904,64,6D2A17AC,0,1,1,4294967295,0,0
SpikeDown,3872,64,9F5AAABB,0,1,1,4294967295,0,0
SpikeDown,3840,64,F47BC3D8,0,1,1,4294967295,0,0
SpikeDown,3808,64,5FCBEF16,0,1,1,4294967295,0,0
SpikeDown,3776,64,8896BEEB,0,1,1,4294967295,0,0
SpikeDown,3744,64,91A1639F,0,1,1,4294967295,0,0
SpikeDown,3712,64,00D4CC5F,0,1,1,4294967295,0,0
SpikeDown,3680,64,72ADCA22,0,1,1,4294967295,0,0
SpikeDown,3648,64,3CC890AD,0,1,1,4294967295,0,0
SpikeDown,3616,64,7548684C,0,1,1,4294967295,0,0
SpikeDown,3584,64,78F9CC45,0,1,1,4294967295,0,0
SpikeDown,3552,64,E25943D8,0,1,1,4294967295,0,0
SpikeDown,3520,64,C0CDD57C,0,1,1,4294967295,0,0
SpikeDown,3488,64,FA5503FA,0,1,1,4294967295,0,0
SpikeDown,3456,64,F6D22434,0,1,1,4294967295,0,0
SpikeDown,3424,64,9DEAB90B,0,1,1,4294967295,0,0
SpikeDown,3392,64,0D4DBF4B,0,1,1,4294967295,0,0
SpikeDown,3360,64,973520B2,0,1,1,4294967295,0,0
SpikeDown,3328,64,B6527232,0,1,1,4294967295,0,0
SpikeDown,3296,64,39733EB1,0,1,1,4294967295,0,0
SpikeDown,3264,64,FADFABD9,0,1,1,4294967295,0,0
SpikeDown,3232,64,A9887DCE,0,1,1,4294967295,0,0
SpikeDown,3200,64,423A7ADB,0,1,1,4294967295,0,0
SpikeDown,3168,64,44BC77C0,0,1,1,4294967295,0,0
SpikeDown,3136,64,3B97333A,0,1,1,4294967295,0,0
SpikeDown,3104,64,75143E49,0,1,1,4294967295,0,0
SpikeDown,3072,64,A5B8F146,0,1,1,4294967295,0,0
SpikeDown,3040,64,6340BC11,0,1,1,4294967295,0,0
SpikeDown,3008,64,88B6FAEE,0,1,1,4294967295,0,0
SpikeDown,2976,64,27344861,0,1,1,4294967295,0,0
SpikeDown,2944,64,1729F324,0,1,1,4294967295,0,0
SpikeDown,2912,64,D042F89E,0,1,1,4294967295,0,0
SpikeDown,2880,64,54F9CF3E,0,1,1,4294967295,0,0
SpikeDown,2848,64,E3393563,0,1,1,4294967295,0,0
SpikeDown,2816,64,6065998E,0,1,1,4294967295,0,0
SpikeDown,2784,64,E00AEB40,0,1,1,4294967295,0,0
SpikeDown,2752,64,22ED9EAC,0,1,1,4294967295,0,0
SpikeDown,2720,64,A3E8205E,0,1,1,4294967295,0,0
SpikeDown,2688,64,98122725,0,1,1,4294967295,0,0
SpikeDown,2656,64,CB22A523,0,1,1,4294967295,0,0
SpikeDown,2624,64,27DA8B73,0,1,1,4294967295,0,0
SpikeDown,2592,64,292D0993,0,1,1,4294967295,0,0
SpikeDown,2560,64,45D31E16,0,1,1,4294967295,0,0
SpikeDown,2528,64,655E3C24,0,1,1,4294967295,0,0
SpikeDown,2496,64,C5E7D846,0,1,1,4294967295,0,0
SpikeDown,2464,64,3F382354,0,1,1,4294967295,0,0
SpikeDown,2432,64,5EB9E716,0,1,1,4294967295,0,0
SpikeDown,2400,64,D5E40943,0,1,1,4294967295,0,0
SpikeDown,2368,64,DDF5D055,0,1,1,4294967295,0,0
SpikeDown,2336,64,748EB4E2,0,1,1,4294967295,0,0
SpikeDown,2304,64,07D24763,0,1,1,4294967295,0,0
SpikeDown,2272,64,CB00578D,0,1,1,4294967295,0,0
SpikeDown,2240,64,AF961C55,0,1,1,4294967295,0,0
SpikeDown,2208,64,60FB7574,0,1,1,4294967295,0,0
SpikeDown,2176,64,05FA12A5,0,1,1,4294967295,0,0
SpikeDown,2144,64,1F84E505,0,1,1,4294967295,0,0
SpikeDown,2112,64,BD484E77,0,1,1,4294967295,0,0
SpikeDown,2080,64,727DC36D,0,1,1,4294967295,0,0
SpikeDown,2048,64,7C97522C,0,1,1,4294967295,0,0
SpikeDown,2016,64,403535BC,0,1,1,4294967295,0,0
SpikeDown,1984,64,14252583,0,1,1,4294967295,0,0
SpikeDown,1952,64,E16CAEF5,0,1,1,4294967295,0,0
SpikeDown,1920,64,BFF02F92,0,1,1,4294967295,0,0
SpikeDown,1888,64,D2315DC5,0,1,1,4294967295,0,0
SpikeDown,1856,64,3525A8BE,0,1,1,4294967295,0,0
SpikeDown,1824,64,F930B883,0,1,1,4294967295,0,0
SpikeDown,1792,64,B038BC4B,0,1,1,4294967295,0,0
SpikeDown,1760,64,2418F536,0,1,1,4294967295,0,0
SpikeDown,1728,64,ECEFEDD2,0,1,1,4294967295,0,0
SpikeDown,1696,64,BFD95861,0,1,1,4294967295,0,0
SpikeDown,1664,64,AF2E77F2,0,1,1,4294967295,0,0
SpikeDown,1632,64,98809A23,0,1,1,4294967295,0,0
SpikeDown,1600,64,47E42435,0,1,1,4294967295,0,0
SpikeDown,1568,64,104E77EA,0,1,1,4294967295,0,0
SpikeDown,1536,64,2F51FAFE,0,1,1,4294967295,0,0
SpikeDown,1504,64,3C661AA4,0,1,1,4294967295,0,0
SpikeDown,1152,32,0265A795,0,1,1,4294967295,0,0
SpikeDown,1184,64,0DF89388,0,1,1,4294967295,0,0
SpikeDown,1216,64,5F2AE91E,0,1,1,4294967295,0,0
SpikeDown,1248,64,210A38E1,0,1,1,4294967295,0,0
SpikeDown,1280,64,F96FFC5A,0,1,1,4294967295,0,0
SpikeDown,1312,64,43660A89,0,1,1,4294967295,0,0
SpikeDown,1344,64,7EC205AA,0,1,1,4294967295,0,0
SpikeDown,1376,64,52D24904,0,1,1,4294967295,0,0
SpikeDown,1408,64,969DB634,0,1,1,4294967295,0,0
SpikeDown,1440,64,619DA25B,0,1,1,4294967295,0,0
SpikeDown,1472,64,7AFE6784,0,1,1,4294967295,0,0
SpikeLeft,1120,0,9FBA1637,0,1,1,4294967295,0,0
SpikeLeft,1120,576,8385C1AE,0,1,1,4294967295,0,0
SpikeUp,1152,544,F2A8EF6D,0,1,1,4294967295,0,0
Block,0,576,86559F5B,0,1,1,4294967295,0,0
Block,32,576,6E59E756,0,1,1,4294967295,0,0
Block,64,576,65D7EACD,0,1,1,4294967295,0,0
Block,96,576,0470392B,0,1,1,4294967295,0,0
Block,128,576,6F8C7B22,0,1,1,4294967295,0,0
Block,160,576,9C6C2ABE,0,1,1,4294967295,0,0
Block,192,576,55DAC745,0,1,1,4294967295,0,0
Block,224,576,9BC1E30A,0,1,1,4294967295,0,0
Block,256,576,84ACE86C,0,1,1,4294967295,0,0
Block,288,576,EA14AF26,0,1,1,4294967295,0,0
Block,320,576,5D9D7833,0,1,1,4294967295,0,0
Block,352,576,FF5B02F9,0,1,1,4294967295,0,0
Block,384,576,A4E79EF7,0,1,1,4294967295,0,0
Block,416,576,A013A56C,0,1,1,4294967295,0,0
Block,448,576,2718971F,0,1,1,4294967295,0,0
Block,480,576,3340620B,0,1,1,4294967295,0,0
Block,512,576,0D506159,0,1,1,4294967295,0,0
Block,512,544,12510E4F,0,1,1,4294967295,0,0
Block,512,512,FE0ED8D5,0,1,1,4294967295,0,0
Block,512,480,3FF57235,0,1,1,4294967295,0,0
Block,512,448,3FD65FA0,0,1,1,4294967295,0,0
Block,512,416,680B4D9F,0,1,1,4294967295,0,0
Block,0,0,5CC00D1E,0,1,1,4294967295,0,0
Block,32,0,D5D725BA,0,1,1,4294967295,0,0
Block,64,0,36F49456,0,1,1,4294967295,0,0
Block,96,0,92946C4E,0,1,1,4294967295,0,0
Block,128,0,2A9F21CC,0,1,1,4294967295,0,0
Block,160,0,DDC64092,0,1,1,4294967295,0,0
Block,192,0,7F04638C,0,1,1,4294967295,0,0
Block,224,0,99C3542F,0,1,1,4294967295,0,0
Block,256,0,D0755B88,0,1,1,4294967295,0,0
Block,288,0,D4FA1CF5,0,1,1,4294967295,0,0
Block,320,0,B61D3FAD,0,1,1,4294967295,0,0
Block,352,0,2A845517,0,1,1,4294967295,0,0
Block,384,0,F50CCE65,0,1,1,4294967295,0,0
Block,416,0,33AD95EA,0,1,1,4294967295,0,0
Block,448,0,172392EE,0,1,1,4294967295,0,0
Block,480,0,1B2B80FB,0,1,1,4294967295,0,0
Block,1152,0,C2FBD6F2,0,1,1,4294967295,0,0
Block,1184,0,85906ABD,0,1,1,4294967295,0,0
Block,1184,32,3BB554EB,0,1,1,4294967295,0,0
Block,1216,32,DB2F9AB2,0,1,1,4294967295,0,0
Block,1248,32,BB642C54,0,1,1,4294967295,0,0
Block,1280,32,F29ADE79,0,1,1,4294967295,0,0
Block,1312,32,FD44379C,0,1,1,4294967295,0,0
Block,1344,32,0D4CDB34,0,1,1,4294967295,0,0
Block,1376,32,A669662B,0,1,1,4294967295,0,0
Block,1632,32,B3D5B64A,0,1,1,4294967295,0,0
Block,1600,32,B50A39C0,0,1,1,4294967295,0,0
Block,1568,32,EE943F8A,0,1,1,4294967295,0,0
Block,1536,32,E7C9417E,0,1,1,4294967295,0,0
Block,1504,32,EED29B8E,0,1,1,4294967295,0,0
Block,1472,32,3BC08272,0,1,1,4294967295,0,0
Block,1440,32,DF6E6470,0,1,1,4294967295,0,0
Block,1408,32,232ED800,0,1,1,4294967295,0,0
Block,1664,32,6B279B45,0,1,1,4294967295,0,0
Block,1696,32,885D6762,0,1,1,4294967295,0,0
Block,1728,32,EC479D1F,0,1,1,4294967295,0,0
Block,1760,32,7CD121ED,0,1,1,4294967295,0,0
Block,1792,32,1FDEA4CF,0,1,1,4294967295,0,0
Block,1824,32,212347BE,0,1,1,4294967295,0,0
Block,1856,32,3610AD67,0,1,1,4294967295,0,0
Block,1888,32,35D97DD8,0,1,1,4294967295,0,0
Block,1920,32,B029395E,0,1,1,4294967295,0,0
Block,1952,32,1D64AC2A,0,1,1,4294967295,0,0
Block,1984,32,A6F02F54,0,1,1,4294967295,0,0
Block,2016,32,6029280E,0,1,1,4294967295,0,0
Block,2048,32,F17D4035,0,1,1,4294967295,0,0
Block,2080,32,802D4DC4,0,1,1,4294967295,0,0
Block,2112,32,0C444CF7,0,1,1,4294967295,0,0
Block,2144,32,1C50B928,0,1,1,4294967295,0,0
Block,2176,32,38A4A3A7,0,1,1,4294967295,0,0
Block,2208,32,3028FB74,0,1,1,4294967295,0,0
Block,2240,32,2EADD640,0,1,1,4294967295,0,0
Block,2272,32,FBCDD475,0,1,1,4294967295,0,0
Block,2304,32,04BEBDEA,0,1,1,4294967295,0,0
Block,2336,32,20E0B16A,0,1,1,4294967295,0,0
Block,2368,32,8CF13C52,0,1,1,4294967295,0,0
Block,2400,32,2BAA47BD,0,1,1,4294967295,0,0
Block,2432,32,ACE18055,0,1,1,4294967295,0,0
Block,2464,32,D3B8A841,0,1,1,4294967295,0,0
Block,2496,32,AC6C964F,0,1,1,4294967295,0,0
Block,2528,32,ECE10915,0,1,1,4294967295,0,0
Block,2560,32,3DC7AD40,0,1,1,4294967295,0,0
Block,2592,32,2BA4026B,0,1,1,4294967295,0,0
Block,2624,32,F970AB1D,0,1,1,4294967295,0,0
Block,2656,32,1A462168,0,1,1,4294967295,0,0
Block,2688,32,EB318C04,0,1,1,4294967295,0,0
Block,2720,32,49853E86,0,1,1,4294967295,0,0
Block,2752,32,CAD2C8E0,0,1,1,4294967295,0,0
Block,2784,32,E31BDE0B,0,1,1,4294967295,0,0
Block,2816,32,A242F5FC,0,1,1,4294967295,0,0
Block,2848,32,EFE6C507,0,1,1,4294967295,0,0
Block,2880,32,286FFBD1,0,1,1,4294967295,0,0
Block,2912,32,D4B27AAC,0,1,1,4294967295,0,0
Block,3360,32,46459582,0,1,1,4294967295,0,0
Block,3328,32,0C346AAC,0,1,1,4294967295,0,0
Block,3296,32,4788E717,0,1,1,4294967295,0,0
Block,3264,32,07079C93,0,1,1,4294967295,0,0
Block,3232,32,91DBADF5,0,1,1,4294967295,0,0
Block,3200,32,1F85E0BF,0,1,1,4294967295,0,0
Block,3168,32,F1A2D2AC,0,1,1,4294967295,0,0
Block,3136,32,B8D5C5C0,0,1,1,4294967295,0,0
Block,3104,32,25E700C2,0,1,1,4294967295,0,0
Block,3072,32,D7C04F11,0,1,1,4294967295,0,0
Block,3040,32,2778C5CB,0,1,1,4294967295,0,0
Block,3008,32,A1B3D38F,0,1,1,4294967295,0,0
Block,2976,32,AA933448,0,1,1,4294967295,0,0
Block,2944,32,81959F2C,0,1,1,4294967295,0,0
Block,3392,32,812D4BAF,0,1,1,4294967295,0,0
Block,3424,32,0BD6BDA2,0,1,1,4294967295,0,0
Block,3456,32,60505319,0,1,1,4294967295,0,0
Block,3488,32,CB5512C4,0,1,1,4294967295,0,0
Block,3520,32,C0E58577,0,1,1,4294967295,0,0
Block,3552,32,5E517696,0,1,1,4294967295,0,0
Block,3584,32,B0C03B76,0,1,1,4294967295,0,0
Block,3616,32,714D2357,0,1,1,4294967295,0,0
Block,3648,32,4A5C6461,0,1,1,4294967295,0,0
Block,3680,32,83025C30,0,1,1,4294967295,0,0
Block,3712,32,D7EF3AF2,0,1,1,4294967295,0,0
Block,3744,32,FD566CAB,0,1,1,4294967295,0,0
Block,3776,32,9E3160AB,0,1,1,4294967295,0,0
Block,3808,32,D1689BF1,0,1,1,4294967295,0,0
Block,3840,32,EBEC8612,0,1,1,4294967295,0,0
Block,3872,32,2C495050,0,1,1,4294967295,0,0
Block,3904,32,E0BBA089,0,1,1,4294967295,0,0
Block,3936,32,1DFBB6CF,0,1,1,4294967295,0,0
Block,3968,32,DA49B44C,0,1,1,4294967295,0,0
Block,4000,32,0679EC2F,0,1,1,4294967295,0,0
Block,4032,32,7F25E13B,0,1,1,4294967295,0,0
Block,4064,32,5EB37D0E,0,1,1,4294967295,0,0
Block,4096,32,88B23016,0,1,1,4294967295,0,0
Block,4128,32,3548FCAB,0,1,1,4294967295,0,0
Block,4160,32,4D2FA406,0,1,1,4294967295,0,0
Block,4576,32,08847DC7,0,1,1,4294967295,0,0
Block,4544,32,C0440509,0,1,1,4294967295,0,0
Block,4512,32,A296A4BD,0,1,1,4294967295,0,0
Block,4480,32,67ADFB3D,0,1,1,4294967295,0,0
Block,4448,32,1F20AB6F,0,1,1,4294967295,0,0
Block,4416,32,80C57831,0,1,1,4294967295,0,0
Block,4384,32,33CD2447,0,1,1,4294967295,0,0
Block,4352,32,E25FDD54,0,1,1,4294967295,0,0
Block,4320,32,B13E4A09,0,1,1,4294967295,0,0
Block,4288,32,08ED55CE,0,1,1,4294967295,0,0
Block,4256,32,DB6FE83C,0,1,1,4294967295,0,0
Block,4224,32,D9B2DBC9,0,1,1,4294967295,0,0
Block,4192,32,6BC7CA1E,0,1,1,4294967295,0,0
Block,4608,32,4B256B87,0,1,1,4294967295,0,0
Block,4640,32,D3D02F3A,0,1,1,4294967295,0,0
Block,4672,32,658EB33D,0,1,1,4294967295,0,0
Block,4704,32,ED1009B6,0,1,1,4294967295,0,0
Block,4768,32,7F1D859F,0,1,1,4294967295,0,0
Block,4800,32,A1C4B1AB,0,1,1,4294967295,0,0
Block,4832,32,C8073E4A,0,1,1,4294967295,0,0
Block,4864,32,460D5A93,0,1,1,4294967295,0,0
Block,4896,32,6730E671,0,1,1,4294967295,0,0
Block,4928,32,65D725EF,0,1,1,4294967295,0,0
Block,4960,32,9F493306,0,1,1,4294967295,0,0
Block,4992,32,7CB7F457,0,1,1,4294967295,0,0
Block,5024,32,14879C45,0,1,1,4294967295,0,0
Block,5056,32,3207BA73,0,1,1,4294967295,0,0
Block,5088,32,C9F1C11F,0,1,1,4294967295,0,0
Block,5120,32,3B9CA2B6,0,1,1,4294967295,0,0
Block,5152,32,E90913A7,0,1,1,4294967295,0,0
Block,5184,32,06B82F98,0,1,1,4294967295,0,0
Block,4736,32,C4B8048C,0,1,1,4294967295,0,0
Block,5216,32,283FC254,0,1,1,4294967295,0,0
Block,5248,32,C669C0A1,0,1,1,4294967295,0,0
Block,5280,32,C566F8EF,0,1,1,4294967295,0,0
Block,5312,32,5BC3550D,0,1,1,4294967295,0,0
Block,5344,32,EDAA54E6,0,1,1,4294967295,0,0
Block,5376,32,ECF754F3,0,1,1,4294967295,0,0
Block,5408,32,29DE3CBA,0,1,1,4294967295,0,0
Block,5440,32,AA3725CD,0,1,1,4294967295,0,0
Block,5472,32,DF081D26,0,1,1,4294967295,0,0
Block,5504,32,EBF39AC9,0,1,1,4294967295,0,0
Block,5536,32,E536C39D,0,1,1,4294967295,0,0
Block,5536,64,5ED4125F,0,1,1,4294967295,0,0
Block,5536,96,76CE45C9,0,1,1,4294967295,0,0
Block,5536,128,B0776AA5,0,1,1,4294967295,0,0
Block,5536,160,72D7EDFE,0,1,1,4294967295,0,0
Block,5536,192,4F58D5EF,0,1,1,4294967295,0,0
Block,5568,192,E3B4E79B,0,1,1,4294967295,0,0
Block,5568,352,DA1CD8E5,0,1,1,4294967295,0,0
Block,5536,352,5150A863,0,1,1,4294967295,0,0
Block,5504,352,C70E4243,0,1,1,4294967295,0,0
Block,5472,352,40B78F57,0,1,1,4294967295,0,0
Block,5440,352,0658102E,0,1,1,4294967295,0,0
Block,5408,416,BB2B71B8,0,1,1,4294967295,0,0
Block,5408,448,718D8BB2,0,1,1,4294967295,0,0
Block,5408,480,2B9F8667,0,1,1,4294967295,0,0
Block,5408,512,1230857A,0,1,1,4294967295,0,0
Block,5408,544,0C868F9C,0,1,1,4294967295,0,0
Block,5376,544,B5BD9F27,0,1,1,4294967295,0,0
Block,5344,544,6DFDDA19,0,1,1,4294967295,0,0
Block,5312,544,7344CC57,0,1,1,4294967295,0,0
Block,5280,544,008733C1,0,1,1,4294967295,0,0
Block,5248,544,CF95EBE1,0,1,1,4294967295,0,0
Block,5216,544,9C4442F4,0,1,1,4294967295,0,0
Block,5184,544,CAACADEB,0,1,1,4294967295,0,0
Block,5152,544,6E6FD608,0,1,1,4294967295,0,0
Block,5120,544,E8CF399A,0,1,1,4294967295,0,0
Block,5088,544,9E7B3FA5,0,1,1,4294967295,0,0
Block,5056,544,4E85B859,0,1,1,4294967295,0,0
Block,5024,544,C1480841,0,1,1,4294967295,0,0
Block,4992,544,FA948F97,0,1,1,4294967295,0,0
Block,4960,544,3EC265BA,0,1,1,4294967295,0,0
Block,4928,544,A3DAB29F,0,1,1,4294967295,0,0
Block,4896,544,9EDD5940,0,1,1,4294967295,0,0
Block,4864,544,0D29C095,0,1,1,4294967295,0,0
Block,4832,544,219C5AB2,0,1,1,4294967295,0,0
Block,4800,544,0D628ED2,0,1,1,4294967295,0,0
Block,4768,544,40F1C008,0,1,1,4294967295,0,0
Block,4736,544,9940270C,0,1,1,4294967295,0,0
Block,4704,544,E0C34A5D,0,1,1,4294967295,0,0
Block,4672,544,D0932CE4,0,1,1,4294967295,0,0
Block,4640,544,F8BC234D,0,1,1,4294967295,0,0
Block,4608,544,97AA0DBD,0,1,1,4294967295,0,0
Block,4576,544,EF43F14C,0,1,1,4294967295,0,0
Block,4544,544,EFA0A53B,0,1,1,4294967295,0,0
Block,4512,544,E189CE06,0,1,1,4294967295,0,0
Block,4480,544,5B84C4EF,0,1,1,4294967295,0,0
Block,4448,544,8641C213,0,1,1,4294967295,0,0
Block,4416,544,8CB76D9C,0,1,1,4294967295,0,0
Block,4384,544,1CFCAF2A,0,1,1,4294967295,0,0
Block,4352,544,9B372B87,0,1,1,4294967295,0,0
Block,4320,544,0576EF86,0,1,1,4294967295,0,0
Block,4288,544,6887C450,0,1,1,4294967295,0,0
Block,4256,544,710C7992,0,1,1,4294967295,0,0
Block,4224,544,5E8CCCEF,0,1,1,4294967295,0,0
Block,4192,544,858E0149,0,1,1,4294967295,0,0
Block,4160,544,7499665D,0,1,1,4294967295,0,0
Block,4128,544,DFE57059,0,1,1,4294967295,0,0
Block,4096,544,16379AFE,0,1,1,4294967295,0,0
Block,4064,544,F58E6204,0,1,1,4294967295,0,0
Block,4032,544,2044E810,0,1,1,4294967295,0,0
Block,2944,544,ECF89C48,0,1,1,4294967295,0,0
Block,2976,544,B8BB8822,0,1,1,4294967295,0,0
Block,3008,544,5ADE3F7D,0,1,1,4294967295,0,0
Block,3040,544,5BAE3E71,0,1,1,4294967295,0,0
Block,3072,544,37FE6A6D,0,1,1,4294967295,0,0
Block,3104,544,8536EF53,0,1,1,4294967295,0,0
Block,3136,544,531BEB5F,0,1,1,4294967295,0,0
Block,3168,544,228843D0,0,1,1,4294967295,0,0
Block,3200,544,65E228C5,0,1,1,4294967295,0,0
Block,3232,544,10B5F6E1,0,1,1,4294967295,0,0
Block,3264,544,C308EA74,0,1,1,4294967295,0,0
Block,3296,544,44922037,0,1,1,4294967295,0,0
Block,3328,544,B2F5A76F,0,1,1,4294967295,0,0
Block,3360,544,7BF310F7,0,1,1,4294967295,0,0
Block,3392,544,18ED1296,0,1,1,4294967295,0,0
Block,3424,544,9E383807,0,1,1,4294967295,0,0
Block,3456,544,81BF6E3C,0,1,1,4294967295,0,0
Block,3488,544,1576F9D8,0,1,1,4294967295,0,0
Block,3520,544,E409F074,0,1,1,4294967295,0,0
Block,3552,544,8B73DA3F,0,1,1,4294967295,0,0
Block,3584,544,EFFB955C,0,1,1,4294967295,0,0
Block,3616,544,DE823A81,0,1,1,4294967295,0,0
Block,3648,544,611DD1EA,0,1,1,4294967295,0,0
Block,3680,544,E75B9162,0,1,1,4294967295,0,0
Block,3712,544,ECABD7D3,0,1,1,4294967295,0,0
Block,3744,544,E629D6A9,0,1,1,4294967295,0,0
Block,3776,544,F30177B9,0,1,1,4294967295,0,0
Block,3808,544,CC741070,0,1,1,4294967295,0,0
Block,3840,544,8215B4B4,0,1,1,4294967295,0,0
Block,3872,544,CA2BCC1D,0,1,1,4294967295,0,0
Block,3904,544,A1F256B0,0,1,1,4294967295,0,0
Block,3936,544,C4503AE0,0,1,1,4294967295,0,0
Block,3968,544,92F53E25,0,1,1,4294967295,0,0
Block,4000,544,97322667,0,1,1,4294967295,0,0
Block,2912,544,8B74A6D2,0,1,1,4294967295,0,0
Block,2880,544,C91CF9E3,0,1,1,4294967295,0,0
Block,2848,544,D40C0A2B,0,1,1,4294967295,0,0
Block,2816,544,AB895AB9,0,1,1,4294967295,0,0
Block,2784,544,8A2D13D1,0,1,1,4294967295,0,0
Block,2752,544,22C574E4,0,1,1,4294967295,0,0
Block,2720,544,C66171FF,0,1,1,4294967295,0,0
Block,2688,544,C236A87E,0,1,1,4294967295,0,0
Block,2656,544,6C1B1BB3,0,1,1,4294967295,0,0
Block,2624,544,9715DF07,0,1,1,4294967295,0,0
Block,2592,544,006E809A,0,1,1,4294967295,0,0
Block,2560,544,164CCCD9,0,1,1,4294967295,0,0
Block,2528,544,E76FAF3C,0,1,1,4294967295,0,0
Block,2496,544,3081A5D8,0,1,1,4294967295,0,0
Block,2464,544,FEC5D545,0,1,1,4294967295,0,0
Block,2432,544,333E6E68,0,1,1,4294967295,0,0
Block,2400,544,99C18453,0,1,1,4294967295,0,0
Block,2368,544,816E407E,0,1,1,4294967295,0,0
Block,2336,544,D65CA31D,0,1,1,4294967295,0,0
Block,2304,544,01885E42,0,1,1,4294967295,0,0
Block,2272,544,F5DD1301,0,1,1,4294967295,0,0
Block,2240,544,7DA21FC1,0,1,1,4294967295,0,0
Block,2208,544,66495FC2,0,1,1,4294967295,0,0
Block,2176,544,0C06CE51,0,1,1,4294967295,0,0
Block,2144,544,55802CC3,0,1,1,4294967295,0,0
Block,2112,544,603E76EF,0,1,1,4294967295,0,0
Block,2080,544,C7F38C75,0,1,1,4294967295,0,0
Block,2048,544,F30E65B3,0,1,1,4294967295,0,0
Block,2016,544,1BDE3423,0,1,1,4294967295,0,0
Block,1984,544,5F04870A,0,1,1,4294967295,0,0
Block,1952,544,D76A1F51,0,1,1,4294967295,0,0
Block,1920,544,21DDC0AD,0,1,1,4294967295,0,0
Block,1888,544,4FC62FE5,0,1,1,4294967295,0,0
Block,1856,544,3CF79D60,0,1,1,4294967295,0,0
Block,1824,544,55F320C7,0,1,1,4294967295,0,0
Block,1792,544,FC82856C,0,1,1,4294967295,0,0
Block,1760,544,B1C11918,0,1,1,4294967295,0,0
Block,1728,544,289740B9,0,1,1,4294967295,0,0
Block,1152,576,BB89760D,0,1,1,4294967295,0,0
Block,1184,576,17D785A9,0,1,1,4294967295,0,0
Block,1184,544,1863E1CC,0,1,1,4294967295,0,0
Block,1216,544,E2732224,0,1,1,4294967295,0,0
Block,1248,544,661B6E67,0,1,1,4294967295,0,0
Block,1280,544,8646CC94,0,1,1,4294967295,0,0
Block,1312,544,23A208E5,0,1,1,4294967295,0,0
Block,1344,544,7A94128B,0,1,1,4294967295,0,0
Block,1376,544,ADD0F82D,0,1,1,4294967295,0,0
Block,1408,544,BD1262F6,0,1,1,4294967295,0,0
Block,1440,544,48AA85A4,0,1,1,4294967295,0,0
Block,1472,544,2EF3F911,0,1,1,4294967295,0,0
Block,1504,544,BE71D8A6,0,1,1,4294967295,0,0
Block,1536,544,AD709A24,0,1,1,4294967295,0,0
Block,1568,544,D4EB100F,0,1,1,4294967295,0,0
Block,1600,544,DD36EC90,0,1,1,4294967295,0,0
Block,1632,544,BCBE533B,0,1,1,4294967295,0,0
Block,1664,544,6810D1D9,0,1,1,4294967295,0,0
Block,1696,544,3A0C342B,0,1,1,4294967295,0,0
Block,-32,0,BA36E352,0,1,1,4294967295,0,0
Block,-32,32,F028E1B2,0,1,1,4294967295,0,0
Block,-32,64,D8AEAF90,0,1,1,4294967295,0,0
Block,-32,96,D5C0671E,0,1,1,4294967295,0,0
Block,-32,128,C02F28DA,0,1,1,4294967295,0,0
Block,-32,160,B99A13B3,0,1,1,4294967295,0,0
Block,-32,192,39F00B25,0,1,1,4294967295,0,0
Block,-32,224,54EF21A5,0,1,1,4294967295,0,0
Block,-32,256,417A698B,0,1,1,4294967295,0,0
Block,-32,288,0CD2BBF0,0,1,1,4294967295,0,0
Block,-32,320,DF51F580,0,1,1,4294967295,0,0
Block,-32,352,F89C0FD2,0,1,1,4294967295,0,0
Block,-32,384,728442DF,0,1,1,4294967295,0,0
Block,-32,416,3ED20ADD,0,1,1,4294967295,0,0
Block,-32,448,1FDDD249,0,1,1,4294967295,0,0
Block,-32,480,0179E801,0,1,1,4294967295,0,0
Block,-32,512,BD9F5923,0,1,1,4294967295,0,0
Block,-32,544,102FC605,0,1,1,4294967295,0,0
Block,-32,576,DB86F509,0,1,1,4294967295,0,0
Block,5408,352,ED1166DE,0,1,1,4294967295,0,0
Block,5408,384,4D593A2E,0,1,1,4294967295,0,0
objHTrap1Gradius,448,560,C6DA8F91,0,1,1,4294967295,0,0
SaveHard,352,544,84BD5337,0,1,1,4294967295,0,0
objHTrap1Normal,5408,224,7DA6E717,0,6,4,4294967295,0,0
RoomChanger,5600,192,21E00FB6,0,1,6,4294967295,0,1
objHTrap1CherryShoot,1216,576,00195D24,0,1,1,4294967295,0,0
objHTrap1CherryShoot,1248,576,00186D0D,0,1,1,4294967295,0,1
objHTrap1CherryShoot,1216,32,00237D73,0,1,1,4294967295,0,0
objHTrap1CherryShoot,1248,32,002E551F,0,1,1,4294967295,0,1
objHTrap1Camera,400,256,001BB85E,0,1,1,4294967295,0,0
Camera,352,480,AD28AC07,0,1,1,4294967295,0,1
objRandController,1216,64,00087312,0,1,1,4294967295,0,1
objHTrap1CherryShoot,1280,32,000D1A1F,0,1,1,4294967295,0,1
objHTrap1CherryShoot,1280,576,00000F9C,0,1,1,4294967295,0,1
PlayerStart,288,544,003B2B72,0,1,1,4294967295,0,0
