SpikeUp,0,224,B75AF834,0,1,1,4294967295,0,0
SpikeUp,768,224,30129E09,0,1,1,4294967295,0,0
SpikeDown,0,32,132078B7,0,1,1,4294967295,0,0
SpikeDown,32,32,9C561660,0,1,1,4294967295,0,0
SpikeDown,64,32,5E04468E,0,1,1,4294967295,0,0
SpikeDown,96,32,4E838D50,0,1,1,4294967295,0,0
SpikeDown,128,32,D76DC5D7,0,1,1,4294967295,0,0
SpikeDown,160,32,272DD720,0,1,1,4294967295,0,0
SpikeDown,192,32,15B294C0,0,1,1,4294967295,0,0
SpikeDown,224,32,D5006050,0,1,1,4294967295,0,0
SpikeDown,256,32,07A35E96,0,1,1,4294967295,0,0
SpikeDown,288,32,5AD0A62F,0,1,1,4294967295,0,0
SpikeDown,384,32,41338FC1,0,1,1,4294967295,0,0
SpikeDown,416,32,F7CB20E7,0,1,1,4294967295,0,0
SpikeDown,448,32,0500B5C8,0,1,1,4294967295,0,0
SpikeDown,480,32,2F4FFFB6,0,1,1,4294967295,0,0
SpikeDown,512,32,7EFAEDA2,0,1,1,4294967295,0,0
SpikeDown,544,32,E88C86B6,0,1,1,4294967295,0,0
SpikeDown,576,32,AD32FC95,0,1,1,4294967295,0,0
SpikeDown,608,32,D0C9946F,0,1,1,4294967295,0,0
SpikeDown,640,32,0BB20A27,0,1,1,4294967295,0,0
SpikeDown,672,32,AFF89A0A,0,1,1,4294967295,0,0
SpikeDown,704,32,544D3D98,0,1,1,4294967295,0,0
SpikeDown,736,32,13CC1B34,0,1,1,4294967295,0,0
SpikeDown,768,32,A203C39C,0,1,1,4294967295,0,0
SpikeDown,320,32,001A5A5E,0,1,1,4294967295,0,0
SpikeDown,352,32,000AEB13,0,1,1,4294967295,0,0
Block,0,256,5730A348,0,1,1,4294967295,0,0
Block,0,288,061B995F,0,1,1,4294967295,0,0
Block,0,320,8F608C5E,0,1,1,4294967295,0,0
Block,0,352,B743FAFB,0,1,1,4294967295,0,0
Block,0,384,F9876D0A,0,1,1,4294967295,0,0
Block,0,416,D2DAEBFF,0,1,1,4294967295,0,0
Block,0,448,B48CF9FF,0,1,1,4294967295,0,0
Block,0,480,B90818AA,0,1,1,4294967295,0,0
Block,0,512,7AB30215,0,1,1,4294967295,0,0
Block,0,544,147F40E0,0,1,1,4294967295,0,0
Block,0,576,1AB6C15D,0,1,1,4294967295,0,0
Block,32,576,A6F50869,0,1,1,4294967295,0,0
Block,64,576,444342F1,0,1,1,4294967295,0,0
Block,96,576,7E94DB38,0,1,1,4294967295,0,0
Block,128,576,AF780E0F,0,1,1,4294967295,0,0
Block,160,576,7D8ED31A,0,1,1,4294967295,0,0
Block,192,576,6E6929B1,0,1,1,4294967295,0,0
Block,224,576,C61C331D,0,1,1,4294967295,0,0
Block,256,576,A02D0609,0,1,1,4294967295,0,0
Block,288,576,357953A0,0,1,1,4294967295,0,0
Block,320,576,130EBDED,0,1,1,4294967295,0,0
Block,352,576,AC0CBE88,0,1,1,4294967295,0,0
Block,384,576,09FC4AE4,0,1,1,4294967295,0,0
Block,416,576,9DC4F7DF,0,1,1,4294967295,0,0
Block,448,576,39FD428B,0,1,1,4294967295,0,0
Block,480,576,87C16AC0,0,1,1,4294967295,0,0
Block,512,576,E5B755C5,0,1,1,4294967295,0,0
Block,544,576,5CA1A2AD,0,1,1,4294967295,0,0
Block,576,576,B8AC4456,0,1,1,4294967295,0,0
Block,608,576,D4FAD6E0,0,1,1,4294967295,0,0
Block,640,576,CEF1DE3A,0,1,1,4294967295,0,0
Block,672,576,1FB726F0,0,1,1,4294967295,0,0
Block,704,576,346E1B44,0,1,1,4294967295,0,0
Block,736,576,E88F4523,0,1,1,4294967295,0,0
Block,768,576,AE47B858,0,1,1,4294967295,0,0
Block,768,544,4993CEB1,0,1,1,4294967295,0,0
Block,768,512,85458EF6,0,1,1,4294967295,0,0
Block,768,480,DE99ABA6,0,1,1,4294967295,0,0
Block,768,448,CEA5F1C1,0,1,1,4294967295,0,0
Block,768,416,477684D9,0,1,1,4294967295,0,0
Block,768,384,0D0F59A3,0,1,1,4294967295,0,0
Block,768,352,BC9A73A8,0,1,1,4294967295,0,0
Block,768,320,0624A0AE,0,1,1,4294967295,0,0
Block,768,288,5D99F742,0,1,1,4294967295,0,0
Block,768,256,413788EE,0,1,1,4294967295,0,0
Block,0,0,9A48E856,0,1,1,4294967295,0,0
Block,32,0,5E7A1BA0,0,1,1,4294967295,0,0
Block,64,0,A39768F9,0,1,1,4294967295,0,0
Block,96,0,653621E1,0,1,1,4294967295,0,0
Block,128,0,2B8DCAE3,0,1,1,4294967295,0,0
Block,160,0,6CFAB1D4,0,1,1,4294967295,0,0
Block,192,0,4C31AE0A,0,1,1,4294967295,0,0
Block,224,0,DA227451,0,1,1,4294967295,0,0
Block,256,0,48A98CAE,0,1,1,4294967295,0,0
Block,288,0,06051B0F,0,1,1,4294967295,0,0
Block,320,0,00B04043,0,1,1,4294967295,0,0
Block,352,0,71CEDE6C,0,1,1,4294967295,0,0
Block,384,0,821353CC,0,1,1,4294967295,0,0
Block,416,0,7289E16E,0,1,1,4294967295,0,0
Block,448,0,E05E7AE5,0,1,1,4294967295,0,0
Block,480,0,7DDBC6C9,0,1,1,4294967295,0,0
Block,512,0,60A5EAA0,0,1,1,4294967295,0,0
Block,544,0,7431F3AA,0,1,1,4294967295,0,0
Block,576,0,72CE0BD0,0,1,1,4294967295,0,0
Block,608,0,7CB600B7,0,1,1,4294967295,0,0
Block,640,0,514F9C70,0,1,1,4294967295,0,0
Block,672,0,1FC44D04,0,1,1,4294967295,0,0
Block,704,0,76065535,0,1,1,4294967295,0,0
Block,736,0,9F7A38F0,0,1,1,4294967295,0,0
Block,768,0,BB576AA3,0,1,1,4294967295,0,0
Block,-32,0,A05A1262,0,1,1,4294967295,0,0
Block,-32,32,8B220FC4,0,1,1,4294967295,0,0
Block,-32,64,EB0FBACF,0,1,1,4294967295,0,0
Block,-32,96,03757122,0,1,1,4294967295,0,0
Block,-32,128,17C7C825,0,1,1,4294967295,0,0
Block,-32,160,2F11C33C,0,1,1,4294967295,0,0
Block,-32,192,17AEAD13,0,1,1,4294967295,0,0
Block,-32,224,844013FA,0,1,1,4294967295,0,0
Block,-32,256,EEA01FAD,0,1,1,4294967295,0,0
Block,800,0,77B06BA9,0,1,1,4294967295,0,0
Block,800,32,B93F2C91,0,1,1,4294967295,0,0
Block,800,64,463D0C8A,0,1,1,4294967295,0,0
Block,800,96,85C56E28,0,1,1,4294967295,0,0
Block,800,128,C9AB14AA,0,1,1,4294967295,0,0
Block,800,160,C5E36BEE,0,1,1,4294967295,0,0
Block,800,192,E3F3EF21,0,1,1,4294967295,0,0
Block,800,224,413BFDD9,0,1,1,4294967295,0,0
Block,800,256,DB2C5009,0,1,1,4294967295,0,0
objBoss4Geezer,256,64,000E4E8F,0,1,1,4294967295,0,0
objBoss4Rickroll,302,104,DC07BB36,0,1.65853659,2.19148936,4294967295,0,0
PlayerStart,0,160,47E3AE2B,0,1,1,4294967295,0,0
