KillerBlock,192,64,BF35F1EE,0,1,1,4294967295,0,0
KillerBlock,320,64,B829FA66,0,1,1,4294967295,0,0
KillerBlock,448,64,67C7AAFA,0,1,1,4294967295,0,0
KillerBlock,576,64,B02ECF19,0,1,1,4294967295,0,0
KillerBlock,640,544,F37D2FD9,0,1,1,4294967295,0,0
KillerBlock,512,544,240FF308,0,1,1,4294967295,0,0
KillerBlock,384,544,D3B9ED20,0,1,1,4294967295,0,0
KillerBlock,256,544,E40BADA0,0,1,1,4294967295,0,0
KillerBlock,128,544,58EAF0FE,0,1,1,4294967295,0,0
Block,768,352,0028CB48,0,1,1,4294967295,0,0
Block,704,352,002D64ED,0,1,1,4294967295,0,0
Block,736,352,00098708,0,1,1,4294967295,0,0
Block,768,160,F23724E5,0,1,1,4294967295,0,0
Block,768,192,646B6489,0,1,1,4294967295,0,0
Block,768,224,8634E471,0,1,1,4294967295,0,0
Block,768,256,C1EEF1C2,0,1,1,4294967295,0,0
Block,768,288,742CA90B,0,1,1,4294967295,0,0
Block,768,320,498E39B7,0,1,1,4294967295,0,0
Block,704,384,3DD4CF0A,0,1,1,4294967295,0,0
Block,704,416,849554B5,0,1,1,4294967295,0,0
Block,704,448,795154B7,0,1,1,4294967295,0,0
Block,704,480,CC4B1CB1,0,1,1,4294967295,0,0
Block,704,512,FC000F4B,0,1,1,4294967295,0,0
Block,704,544,94C0BA08,0,1,1,4294967295,0,0
Block,704,576,F3D9C940,0,1,1,4294967295,0,0
Block,64,32,9ED212C3,0,1,1,4294967295,0,0
Block,96,32,625D1426,0,1,1,4294967295,0,0
Block,128,32,A693AC13,0,1,1,4294967295,0,0
Block,160,32,7812B39C,0,1,1,4294967295,0,0
Block,192,32,6CAD8EAB,0,1,1,4294967295,0,0
Block,224,32,CF1EE36B,0,1,1,4294967295,0,0
Block,256,32,BC146793,0,1,1,4294967295,0,0
Block,288,32,5D56BC99,0,1,1,4294967295,0,0
Block,320,32,90E12959,0,1,1,4294967295,0,0
Block,352,32,5C2DAFD9,0,1,1,4294967295,0,0
Block,384,32,7CC4F20A,0,1,1,4294967295,0,0
Block,416,32,F2423D96,0,1,1,4294967295,0,0
Block,448,32,30BEC1A7,0,1,1,4294967295,0,0
Block,480,32,17808B27,0,1,1,4294967295,0,0
Block,512,32,98192124,0,1,1,4294967295,0,0
Block,544,32,CB5C1DE9,0,1,1,4294967295,0,0
Block,576,32,F4B9BDB1,0,1,1,4294967295,0,0
Block,608,32,22767A92,0,1,1,4294967295,0,0
Block,640,32,202D05D1,0,1,1,4294967295,0,0
Block,672,32,24D7065F,0,1,1,4294967295,0,0
Block,704,32,EDEB6DB1,0,1,1,4294967295,0,0
Block,0,224,2DF1D16C,0,1,1,4294967295,0,0
Block,32,224,1A34558C,0,1,1,4294967295,0,0
Block,32,256,D63CEAE1,0,1,1,4294967295,0,0
Block,32,288,F23FDEC1,0,1,1,4294967295,0,0
Block,32,320,51BD7524,0,1,1,4294967295,0,0
Block,32,352,FC54B4AF,0,1,1,4294967295,0,0
Block,32,384,881FBC0E,0,1,1,4294967295,0,0
Block,32,416,09753BA7,0,1,1,4294967295,0,0
Block,32,448,F5B29698,0,1,1,4294967295,0,0
Block,32,480,60B62D95,0,1,1,4294967295,0,0
Block,32,512,C25C94FE,0,1,1,4294967295,0,0
Block,32,544,DA11CD5E,0,1,1,4294967295,0,0
Block,32,576,139742DF,0,1,1,4294967295,0,0
Block,0,64,C0B41FD6,0,1,1,4294967295,0,0
Block,32,64,8F59E9CE,0,1,1,4294967295,0,0
Block,64,64,9B4B6DAD,0,1,1,4294967295,0,0
Block,0,192,BDF45025,0,1,1,4294967295,0,0
Block,704,64,E1F306DC,0,1,1,4294967295,0,0
Block,736,64,D285E4EA,0,1,1,4294967295,0,0
Block,736,96,3271864C,0,1,1,4294967295,0,0
Block,736,128,8411B960,0,1,1,4294967295,0,0
Block,736,160,60B11F4B,0,1,1,4294967295,0,0
Block,-32,64,0C4C1D07,0,1,1,4294967295,0,0
Block,-32,96,A7A0F369,0,1,1,4294967295,0,0
Block,-32,128,149363E6,0,1,1,4294967295,0,0
Block,-32,160,D6D046E6,0,1,1,4294967295,0,0
Block,-32,192,C8A0B2BD,0,1,1,4294967295,0,0
Block,192,576,968DC9B0,0,1,1,4294967295,0,0
Block,320,576,A179805B,0,1,1,4294967295,0,0
Block,448,576,E9DA0AAD,0,1,1,4294967295,0,0
Block,576,576,40D1A868,0,1,1,4294967295,0,0
Block,128,576,43688B2C,0,1,1,4294967295,0,0
Block,160,576,CC62BE80,0,1,1,4294967295,0,0
Block,224,576,C995ECAF,0,1,1,4294967295,0,0
Block,256,576,1A68339E,0,1,1,4294967295,0,0
Block,288,576,C82344FD,0,1,1,4294967295,0,0
Block,352,576,0953541C,0,1,1,4294967295,0,0
Block,384,576,B48124CA,0,1,1,4294967295,0,0
Block,416,576,746613BB,0,1,1,4294967295,0,0
Block,480,576,23554AC5,0,1,1,4294967295,0,0
Block,512,576,DC116B61,0,1,1,4294967295,0,0
Block,544,576,78EA7464,0,1,1,4294967295,0,0
Block,608,576,73A361B0,0,1,1,4294967295,0,0
Block,640,576,49F24C35,0,1,1,4294967295,0,0
Block,96,576,327BA513,0,1,1,4294967295,0,0
SaveHard,736,320,001DF05C,0,1,1,4294967295,0,0
objYassanLine,128,64,6A243DB0,0,1,15,4294967295,0,0
objWarpNext,0,160,4375BCE1,0,1,1,4294967295,0,0
Platform,608,448,B4228413,0,1,1,4294967295,0,0
Platform,544,448,A3613948,0,1,1,4294967295,0,0
Platform,480,448,405768C4,0,1,1,4294967295,0,0
Platform,416,448,64999E56,0,1,1,4294967295,0,0
Platform,352,448,06DAABB3,0,1,1,4294967295,0,0
Platform,288,448,7E2E6A83,0,1,1,4294967295,0,0
Platform,224,448,409267F3,0,1,1,4294967295,0,0
Platform,160,448,7D1B9391,0,1,1,4294967295,0,0
Platform,96,448,04F14B63,0,1,1,4294967295,0,0
objYassanLine,192,96,7C7ACB0B,0,1,15,4294967295,0,0
objYassanLine,256,64,1D800C18,0,1,15,4294967295,0,0
objYassanLine,320,96,2EE126A3,0,1,15,4294967295,0,0
objYassanLine,384,64,0A737356,0,1,15,4294967295,0,0
objYassanLine,448,96,0F327FC8,0,1,15,4294967295,0,0
objYassanLine,512,64,A19D1617,0,1,15,4294967295,0,0
objYassanLine,576,96,4A9BDDF8,0,1,15,4294967295,0,0
objYassanLine,640,64,E2B744B3,0,1,15,4294967295,0,1
PlayerStart,736,320,002EC8E2,0,1,1,4294967295,0,0
objYassanLava,64,544,DFDFCD23,0,1,1,4294967295,0,0
objYassanLava,96,544,9C3DC370,0,1,1,4294967295,0,0
objYassanLava,128,544,F0134F8E,0,1,1,4294967295,0,0
objYassanLava,160,544,0164A6C3,0,1,1,4294967295,0,0
objYassanLava,192,544,095703A0,0,1,1,4294967295,0,0
objYassanLava,224,544,920B31F7,0,1,1,4294967295,0,0
objYassanLava,256,544,605E695E,0,1,1,4294967295,0,0
objYassanLava,288,544,CAE9CC17,0,1,1,4294967295,0,0
objYassanLava,320,544,79E99E26,0,1,1,4294967295,0,0
objYassanLava,352,544,8868FBD4,0,1,1,4294967295,0,0
objYassanLava,384,544,9D0D1E6D,0,1,1,4294967295,0,0
objYassanLava,416,544,DED3C828,0,1,1,4294967295,0,0
objYassanLava,448,544,9E4D7AAF,0,1,1,4294967295,0,0
objYassanLava,480,544,D14322EE,0,1,1,4294967295,0,0
objYassanLava,512,544,9F9F13AC,0,1,1,4294967295,0,0
objYassanLava,544,544,07417F6C,0,1,1,4294967295,0,0
objYassanLava,576,544,80D3CB89,0,1,1,4294967295,0,0
objYassanLava,608,544,3775A885,0,1,1,4294967295,0,0
objYassanLava,640,544,FDC8732C,0,1,1,4294967295,0,0
objYassanLava,672,544,364078F3,0,1,1,4294967295,0,0
objYassanLava,704,544,CA4AFF2E,0,1,1,4294967295,0,0
objYassanLava,736,448,71F83D95,0,1,1,4294967295,0,0
objYassanLava,768,384,A4EBFF4D,0,1,1,4294967295,0,0
objYassanLava,32,544,E1DE3459,0,1,1,4294967295,0,0
objYassanLava,0,480,F739C542,0,1,1,4294967295,0,0
