Block,0,576,1A6FB152,0,3,1,4294967295,0,0
Block,-32,0,B9F18255,0,1,1,4294967295,0,0
Block,-32,32,44638B1E,0,1,1,4294967295,0,0
Block,-32,64,75E59971,0,1,1,4294967295,0,0
Block,-32,96,28F6D63F,0,1,1,4294967295,0,0
Block,-32,128,665615A9,0,1,1,4294967295,0,0
Block,-32,160,9E942353,0,1,1,4294967295,0,0
Block,-32,192,7FB54B0F,0,1,1,4294967295,0,0
Block,-32,224,75048681,0,1,1,4294967295,0,0
Block,-32,256,D2AC356F,0,1,1,4294967295,0,0
Block,-32,288,AD0B22B7,0,1,1,4294967295,0,0
Block,-32,320,F2FB192E,0,1,1,4294967295,0,0
Block,-32,352,0DCCE05C,0,1,1,4294967295,0,0
Block,-32,384,D0FA30BA,0,1,1,4294967295,0,0
Block,-32,416,0C1B0A50,0,1,1,4294967295,0,0
Block,-32,448,0EB6BC87,0,1,1,4294967295,0,0
Block,-32,480,5666BF38,0,1,1,4294967295,0,0
Block,-32,512,F601F140,0,1,1,4294967295,0,0
Block,-32,544,B24A2861,0,1,1,4294967295,0,0
Block,-32,576,45DF9A26,0,1,1,4294967295,0,0
objRandDestroyer,0,512,26E1BD54,0,3,3,4294967295,0,0
objRandDestroyer,640,256,BF17F924,0,3,3,4294967295,0,0
objFinalBossWarpTimer,672,288,003C8156,0,1,1,4294967295,0,0
objRandController,32,64,A3D4862B,0,1,1,4294967295,0,1
objFinalBossTimer,64,32,0032552D,0,1,1,4294967295,0,0
PlayerStart,0,544,4B8B70C2,0,1,1,4294967295,0,0
