Block,352,576,E0D04A5D,0,1,1,4294967295,0,0
Block,384,576,D50C2F6B,0,1,1,4294967295,0,0
Block,416,576,0F99C614,0,1,1,4294967295,0,0
Block,0,576,29B2F792,0,1,1,4294967295,0,0
Block,0,544,3C40A0BB,0,1,1,4294967295,0,0
Block,0,512,2B5CDC45,0,1,1,4294967295,0,0
Block,0,480,2CEE39F9,0,1,1,4294967295,0,0
Block,0,448,55551063,0,1,1,4294967295,0,0
Block,0,416,89276597,0,1,1,4294967295,0,0
Block,0,384,CA89AFB8,0,1,1,4294967295,0,0
Block,0,352,4336F803,0,1,1,4294967295,0,0
Block,0,320,3D313B65,0,1,1,4294967295,0,0
Block,0,288,93AA6F51,0,1,1,4294967295,0,0
Block,0,256,37D58B2A,0,1,1,4294967295,0,0
Block,0,224,DEEC3374,0,1,1,4294967295,0,0
Block,0,192,0A30E1FE,0,1,1,4294967295,0,0
Block,0,160,85326ACA,0,1,1,4294967295,0,0
Block,0,128,64F2675E,0,1,1,4294967295,0,0
Block,0,96,3CCFDF47,0,1,1,4294967295,0,0
Block,0,64,AE23CBF7,0,1,1,4294967295,0,0
Block,0,32,8899ED80,0,1,1,4294967295,0,0
Block,0,0,99776BDC,0,1,1,4294967295,0,0
Block,32,0,EA1C9E83,0,1,1,4294967295,0,0
Block,64,0,73C2FB0B,0,1,1,4294967295,0,0
Block,96,0,C9DA3E9A,0,1,1,4294967295,0,0
Block,128,0,BAB7E7CD,0,1,1,4294967295,0,0
Block,160,0,4C71CF8A,0,1,1,4294967295,0,0
Block,192,0,4ECEC75B,0,1,1,4294967295,0,0
Block,224,0,658D6E1B,0,1,1,4294967295,0,0
Block,256,0,2407AFFF,0,1,1,4294967295,0,0
Block,288,0,C1CA9087,0,1,1,4294967295,0,0
Block,320,0,8C9DB9C8,0,1,1,4294967295,0,0
Block,352,0,AB993D11,0,1,1,4294967295,0,0
Block,384,0,CDB78DD0,0,1,1,4294967295,0,0
Block,416,0,EE711B34,0,1,1,4294967295,0,0
Block,448,0,229DB2DA,0,1,1,4294967295,0,0
Block,480,0,CA554808,0,1,1,4294967295,0,0
Block,512,0,F4BCD166,0,1,1,4294967295,0,0
Block,544,0,1633E713,0,1,1,4294967295,0,0
Block,576,0,8235B7A8,0,1,1,4294967295,0,0
Block,608,0,04780962,0,1,1,4294967295,0,0
Block,640,0,C134FE76,0,1,1,4294967295,0,0
Block,672,0,E0488914,0,1,1,4294967295,0,0
Block,704,0,9381350F,0,1,1,4294967295,0,0
Block,736,0,9B1866D2,0,1,1,4294967295,0,0
Block,768,0,86E3CE4B,0,1,1,4294967295,0,0
Block,768,32,D31A3220,0,1,1,4294967295,0,0
Block,768,64,C994CA50,0,1,1,4294967295,0,0
Block,768,96,B2A96501,0,1,1,4294967295,0,0
Block,768,128,3DA410E3,0,1,1,4294967295,0,0
Block,768,160,56B1014C,0,1,1,4294967295,0,0
Block,768,192,1E7A4CBC,0,1,1,4294967295,0,0
Block,768,224,CE1FB7F8,0,1,1,4294967295,0,0
Block,768,256,5C1B57FC,0,1,1,4294967295,0,0
Block,768,288,0456A3C8,0,1,1,4294967295,0,0
Block,768,320,18E7F6CB,0,1,1,4294967295,0,0
Block,768,352,06AE9AA7,0,1,1,4294967295,0,0
Block,768,384,DFC10EAC,0,1,1,4294967295,0,0
Block,768,416,76BEA200,0,1,1,4294967295,0,0
Block,768,448,94B227E5,0,1,1,4294967295,0,0
Block,768,480,C0F85C4D,0,1,1,4294967295,0,0
Block,768,512,5C38F2FA,0,1,1,4294967295,0,0
Block,768,544,38F1647B,0,1,1,4294967295,0,0
Block,768,576,499E9517,0,1,1,4294967295,0,0
objRandDestroyer,352,512,D475F637,0,3,3,4294967295,0,0
SaveHard,384,544,C38393BB,0,1,1,4294967295,0,0
objRandController,384,448,5C345F4E,0,1,1,4294967295,0,1
objHTrap2Taiko,64,64,B4A9287F,0,1,1,4294967295,0,0
objHTrap2Taiko,96,64,D993FDCC,0,1,1,4294967295,0,0
objHTrap2Taiko,128,64,19E23BF1,0,1,1,4294967295,0,0
objHTrap2Taiko,160,64,3F64EEE7,0,1,1,4294967295,0,0
objHTrap2Warp,384,64,21EA8A43,0,1,1,4294967295,0,0
objHTrap2Taiko,192,64,EFD3A82F,0,1,1,4294967295,0,0
objHTrap2Taiko,64,96,2BB0D905,0,1,1,4294967295,0,0
objHTrap2Taiko,96,96,C9CBB52F,0,1,1,4294967295,0,0
objHTrap2Taiko,128,96,2D0076F7,0,1,1,4294967295,0,0
objHTrap2Taiko,160,96,2C549DC1,0,1,1,4294967295,0,0
objHTrap2Taiko,192,96,C53571B9,0,1,1,4294967295,0,0
objHTrap2Taiko,64,128,AEC5A1CB,0,1,1,4294967295,0,0
objHTrap2Taiko,96,128,B4248AE2,0,1,1,4294967295,0,0
objHTrap2Taiko,128,128,C0761846,0,1,1,4294967295,0,0
objHTrap2Taiko,160,128,9338302D,0,1,1,4294967295,0,0
objHTrap2Taiko,192,128,A5723C32,0,1,1,4294967295,0,0
PlayerStart,384,544,6CC26778,0,1,1,4294967295,0,0
