bTilesColor,352,576,64,160,32,32,0,1,1,4294967295
bTilesColor,384,576,64,160,32,32,0,1,1,4294967295
bTilesColor,416,576,64,160,32,32,0,1,1,4294967295
bTilesColor,0,576,64,160,32,32,0,1,1,4294967295
bTilesColor,0,544,64,160,32,32,0,1,1,4294967295
bTilesColor,0,512,64,160,32,32,0,1,1,4294967295
bTilesColor,0,480,64,160,32,32,0,1,1,4294967295
bTilesColor,0,448,64,160,32,32,0,1,1,4294967295
bTilesColor,0,416,64,160,32,32,0,1,1,4294967295
bTilesColor,0,384,64,160,32,32,0,1,1,4294967295
bTilesColor,0,352,64,160,32,32,0,1,1,4294967295
bTilesColor,0,320,64,160,32,32,0,1,1,4294967295
bTilesColor,0,288,64,160,32,32,0,1,1,4294967295
bTilesColor,0,256,64,160,32,32,0,1,1,4294967295
bTilesColor,0,224,64,160,32,32,0,1,1,4294967295
bTilesColor,0,192,64,160,32,32,0,1,1,4294967295
bTilesColor,0,160,64,160,32,32,0,1,1,4294967295
bTilesColor,0,128,64,160,32,32,0,1,1,4294967295
bTilesColor,0,96,64,160,32,32,0,1,1,4294967295
bTilesColor,0,64,64,160,32,32,0,1,1,4294967295
bTilesColor,0,32,64,160,32,32,0,1,1,4294967295
bTilesColor,0,0,64,160,32,32,0,1,1,4294967295
bTilesColor,32,0,64,160,32,32,0,1,1,4294967295
bTilesColor,64,0,64,160,32,32,0,1,1,4294967295
bTilesColor,96,0,64,160,32,32,0,1,1,4294967295
bTilesColor,128,0,64,160,32,32,0,1,1,4294967295
bTilesColor,160,0,64,160,32,32,0,1,1,4294967295
bTilesColor,192,0,64,160,32,32,0,1,1,4294967295
bTilesColor,224,0,64,160,32,32,0,1,1,4294967295
bTilesColor,256,0,64,160,32,32,0,1,1,4294967295
bTilesColor,288,0,64,160,32,32,0,1,1,4294967295
bTilesColor,320,0,64,160,32,32,0,1,1,4294967295
bTilesColor,352,0,64,160,32,32,0,1,1,4294967295
bTilesColor,384,0,64,160,32,32,0,1,1,4294967295
bTilesColor,416,0,64,160,32,32,0,1,1,4294967295
bTilesColor,448,0,64,160,32,32,0,1,1,4294967295
bTilesColor,480,0,64,160,32,32,0,1,1,4294967295
bTilesColor,512,0,64,160,32,32,0,1,1,4294967295
bTilesColor,544,0,64,160,32,32,0,1,1,4294967295
bTilesColor,576,0,64,160,32,32,0,1,1,4294967295
bTilesColor,608,0,64,160,32,32,0,1,1,4294967295
bTilesColor,640,0,64,160,32,32,0,1,1,4294967295
bTilesColor,672,0,64,160,32,32,0,1,1,4294967295
bTilesColor,704,0,64,160,32,32,0,1,1,4294967295
bTilesColor,736,0,64,160,32,32,0,1,1,4294967295
bTilesColor,768,0,64,160,32,32,0,1,1,4294967295
bTilesColor,768,32,64,160,32,32,0,1,1,4294967295
bTilesColor,768,64,64,160,32,32,0,1,1,4294967295
bTilesColor,768,96,64,160,32,32,0,1,1,4294967295
bTilesColor,768,128,64,160,32,32,0,1,1,4294967295
bTilesColor,768,160,64,160,32,32,0,1,1,4294967295
bTilesColor,768,192,64,160,32,32,0,1,1,4294967295
bTilesColor,768,224,64,160,32,32,0,1,1,4294967295
bTilesColor,768,256,64,160,32,32,0,1,1,4294967295
bTilesColor,768,288,64,160,32,32,0,1,1,4294967295
bTilesColor,768,320,64,160,32,32,0,1,1,4294967295
bTilesColor,768,352,64,160,32,32,0,1,1,4294967295
bTilesColor,768,384,64,160,32,32,0,1,1,4294967295
bTilesColor,768,416,64,160,32,32,0,1,1,4294967295
bTilesColor,768,448,64,160,32,32,0,1,1,4294967295
bTilesColor,768,480,64,160,32,32,0,1,1,4294967295
bTilesColor,768,512,64,160,32,32,0,1,1,4294967295
bTilesColor,768,544,64,160,32,32,0,1,1,4294967295
bTilesColor,768,576,64,160,32,32,0,1,1,4294967295
