Block,0,0,834349BC,0,1,1,4294967295,0,0
Block,32,0,86EA13D4,0,1,1,4294967295,0,0
Block,64,0,9BB00637,0,1,1,4294967295,0,0
Block,96,0,3CC8B934,0,1,1,4294967295,0,0
Block,128,0,B25A46BD,0,1,1,4294967295,0,0
Block,160,0,892B0D0E,0,1,1,4294967295,0,0
Block,192,0,D436B166,0,1,1,4294967295,0,0
Block,224,0,44BF94D4,0,1,1,4294967295,0,0
Block,256,0,BF65F32A,0,1,1,4294967295,0,0
Block,288,0,D32C397A,0,1,1,4294967295,0,0
Block,320,0,68CC438C,0,1,1,4294967295,0,0
Block,352,0,8BD642B6,0,1,1,4294967295,0,0
Block,384,0,8B2EC3E0,0,1,1,4294967295,0,0
Block,416,0,121580D4,0,1,1,4294967295,0,0
Block,448,0,23FD012C,0,1,1,4294967295,0,0
Block,480,0,34A436EA,0,1,1,4294967295,0,0
Block,512,0,973D5291,0,1,1,4294967295,0,0
Block,544,0,C7449B0A,0,1,1,4294967295,0,0
Block,576,0,82C45A24,0,1,1,4294967295,0,0
Block,608,0,8BE48B42,0,1,1,4294967295,0,0
Block,640,0,C2D5482A,0,1,1,4294967295,0,0
Block,672,0,4F5CAAB8,0,1,1,4294967295,0,0
Block,704,0,4F28B616,0,1,1,4294967295,0,0
Block,736,0,72A8FB10,0,1,1,4294967295,0,0
Block,768,0,3B089A01,0,1,1,4294967295,0,0
Block,768,32,BA536DDE,0,1,1,4294967295,0,0
Block,768,64,96DDEBF4,0,1,1,4294967295,0,0
Block,768,96,02350549,0,1,1,4294967295,0,0
Block,768,128,81952645,0,1,1,4294967295,0,0
Block,768,160,51597A2D,0,1,1,4294967295,0,0
Block,768,192,F044BB44,0,1,1,4294967295,0,0
Block,768,224,0C19ADF2,0,1,1,4294967295,0,0
Block,768,256,C029366F,0,1,1,4294967295,0,0
Block,768,288,26DEF897,0,1,1,4294967295,0,0
Block,768,320,679C2F07,0,1,1,4294967295,0,0
Block,768,352,2734A740,0,1,1,4294967295,0,0
Block,768,384,460B0F71,0,1,1,4294967295,0,0
Block,768,416,0E9B83EE,0,1,1,4294967295,0,0
Block,768,448,32C141D8,0,1,1,4294967295,0,0
Block,768,480,039D4C5C,0,1,1,4294967295,0,0
Block,768,512,DF441315,0,1,1,4294967295,0,0
Block,768,544,DA8CB807,0,1,1,4294967295,0,0
Block,768,576,19AD51CB,0,1,1,4294967295,0,0
Block,416,576,95E6DD30,0,1,1,4294967295,0,0
Block,384,576,4FF47AD8,0,1,1,4294967295,0,0
Block,352,576,13A5CD5B,0,1,1,4294967295,0,0
Block,0,32,0F190B41,0,1,1,4294967295,0,0
Block,0,64,1363249F,0,1,1,4294967295,0,0
Block,0,96,EA5A8D47,0,1,1,4294967295,0,0
Block,0,128,D61D2EC1,0,1,1,4294967295,0,0
Block,0,160,D1A30771,0,1,1,4294967295,0,0
Block,0,192,5339BB39,0,1,1,4294967295,0,0
Block,0,224,208A3A4C,0,1,1,4294967295,0,0
Block,0,256,37E7089A,0,1,1,4294967295,0,0
Block,0,288,C8A862F9,0,1,1,4294967295,0,0
Block,0,320,9D95AECE,0,1,1,4294967295,0,0
Block,0,352,8D777CB1,0,1,1,4294967295,0,0
Block,0,384,6C005AEF,0,1,1,4294967295,0,0
Block,0,416,E979B518,0,1,1,4294967295,0,0
Block,0,448,AB6D1857,0,1,1,4294967295,0,0
Block,0,480,3387F191,0,1,1,4294967295,0,0
Block,0,512,17F4FE73,0,1,1,4294967295,0,0
Block,0,544,2ECB2C0D,0,1,1,4294967295,0,0
Block,0,576,935A3BA7,0,1,1,4294967295,0,0
objRandDestroyer,352,512,26E1BD54,0,3,3,4294967295,0,0
objGreeeenSpikeShoot,32,64,E7D8F582,0,1,1,4294967295,0,0
objGreeeenSpikeShoot,32,144,D65FF999,0,1,1,4294967295,0,0
objGreeeenSpikeShoot,32,224,DADD1C3E,0,1,1,4294967295,0,0
objGreeeenSpikeShoot,32,304,9A0D96DB,0,1,1,4294967295,0,0
objGreeeenSpikeShoot,32,384,54E9E56A,0,1,1,4294967295,0,0
objGreeeenSpikeShoot,32,464,BB8D7F1A,0,1,1,4294967295,0,0
SaveHard,384,544,B580338D,0,1,1,4294967295,0,0
objWarpNext,384,32,D1D24339,0,1,1,4294967295,0,0
objRandController,384,480,A3D4862B,0,1,1,4294967295,0,1
PlayerStart,384,544,4B8B70C2,0,1,1,4294967295,0,0
