objFinalBossBlock,0,576,80A23876,0,1,1,4294967295,0,0
objFinalBossBlock,32,576,5AC95E68,0,1,1,4294967295,0,0
objFinalBossBlock,64,576,60519EED,0,1,1,4294967295,0,0
objFinalBossBlock,96,576,28F4BB32,0,1,1,4294967295,0,0
objFinalBossBlock,128,576,120005DA,0,1,1,4294967295,0,0
objFinalBossBlock,160,576,03CB5A5A,0,1,1,4294967295,0,0
objFinalBossBlock,192,576,14FC8F04,0,1,1,4294967295,0,0
objFinalBossBlock,224,576,2F583FBA,0,1,1,4294967295,0,0
objFinalBossBlock,256,576,FB81DCEB,0,1,1,4294967295,0,0
objFinalBossBlock,288,576,8A43537B,0,1,1,4294967295,0,0
objFinalBossBlock,320,576,A4A63FB9,0,1,1,4294967295,0,0
objFinalBossBlock,352,576,566A41D4,0,1,1,4294967295,0,0
objFinalBossBlock,384,576,35543068,0,1,1,4294967295,0,0
objFinalBossBlock,416,576,67C04A32,0,1,1,4294967295,0,0
objFinalBossBlock,448,576,E2E9CF41,0,1,1,4294967295,0,0
objFinalBossBlock,480,576,ABA60B17,0,1,1,4294967295,0,0
objFinalBossBlock,512,576,E0DB3934,0,1,1,4294967295,0,0
objFinalBossBlock,544,576,85630BB1,0,1,1,4294967295,0,0
objFinalBossBlock,768,576,42E5B0B7,0,1,1,4294967295,0,0
objFinalBossBlock,736,576,5335DE87,0,1,1,4294967295,0,0
objFinalBossBlock,704,576,170558CB,0,1,1,4294967295,0,0
objFinalBossBlock,672,576,258ED344,0,1,1,4294967295,0,0
objFinalBossBlock,640,576,C0F444CF,0,1,1,4294967295,0,0
objFinalBossBlock,608,576,7FFF4A4A,0,1,1,4294967295,0,0
objFinalBossBlock,576,576,BB3B5933,0,1,1,4294967295,0,0
Block,-32,-32,3AB7F1FF,0,1,1,4294967295,0,0
Block,0,-32,CA4E637E,0,1,1,4294967295,0,0
Block,32,-32,340EFE3A,0,1,1,4294967295,0,0
Block,64,-32,175CEDC1,0,1,1,4294967295,0,0
Block,96,-32,77207BB8,0,1,1,4294967295,0,0
Block,128,-32,7E2B3E5E,0,1,1,4294967295,0,0
Block,160,-32,1D9A1360,0,1,1,4294967295,0,0
Block,192,-32,C2D23220,0,1,1,4294967295,0,0
Block,224,-32,18C986BE,0,1,1,4294967295,0,0
Block,256,-32,F98DD048,0,1,1,4294967295,0,0
Block,288,-32,1B7364F5,0,1,1,4294967295,0,0
Block,320,-32,0699B604,0,1,1,4294967295,0,0
Block,352,-32,EB2A1EBE,0,1,1,4294967295,0,0
Block,384,-32,AB0D1BD7,0,1,1,4294967295,0,0
Block,416,-32,E51B6943,0,1,1,4294967295,0,0
Block,448,-32,638A0DEE,0,1,1,4294967295,0,0
Block,480,-32,A18D3039,0,1,1,4294967295,0,0
Block,512,-32,D9995E32,0,1,1,4294967295,0,0
Block,544,-32,52909547,0,1,1,4294967295,0,0
Block,576,-32,D1CBAC57,0,1,1,4294967295,0,0
Block,608,-32,1A552384,0,1,1,4294967295,0,0
Block,640,-32,E75F4F97,0,1,1,4294967295,0,0
Block,672,-32,506DF4F0,0,1,1,4294967295,0,0
Block,704,-32,B21E1DE7,0,1,1,4294967295,0,0
Block,736,-32,AE5E80D1,0,1,1,4294967295,0,0
Block,768,-32,79D9AEBC,0,1,1,4294967295,0,0
Block,800,-32,9724745E,0,1,1,4294967295,0,0
Block,800,0,85D0F1ED,0,1,1,4294967295,0,0
Block,800,32,BB88D398,0,1,1,4294967295,0,0
Block,800,64,A4CF99D4,0,1,1,4294967295,0,0
Block,800,96,A7BD8875,0,1,1,4294967295,0,0
Block,800,128,6A1B2713,0,1,1,4294967295,0,0
Block,800,160,B948FCED,0,1,1,4294967295,0,0
Block,800,192,E96917A7,0,1,1,4294967295,0,0
Block,800,224,14423666,0,1,1,4294967295,0,0
Block,800,256,B0D998AC,0,1,1,4294967295,0,0
Block,800,288,B319AE4A,0,1,1,4294967295,0,0
Block,800,320,0DB76A7A,0,1,1,4294967295,0,0
Block,800,352,3C544547,0,1,1,4294967295,0,0
Block,800,384,44CF4872,0,1,1,4294967295,0,0
Block,800,416,D0CA30E7,0,1,1,4294967295,0,0
Block,800,448,4FAB0218,0,1,1,4294967295,0,0
Block,800,480,628B222D,0,1,1,4294967295,0,0
Block,800,512,435F77BC,0,1,1,4294967295,0,0
Block,800,544,1A709B4F,0,1,1,4294967295,0,0
Block,800,576,51B276B7,0,1,1,4294967295,0,0
Block,-32,0,B4D2BD10,0,1,1,4294967295,0,0
Block,-32,32,3AB99047,0,1,1,4294967295,0,0
Block,-32,64,45865CAD,0,1,1,4294967295,0,0
Block,-32,96,33466C47,0,1,1,4294967295,0,0
Block,-32,128,427AB647,0,1,1,4294967295,0,0
Block,-32,160,240B1A6C,0,1,1,4294967295,0,0
Block,-32,192,3C7CB37F,0,1,1,4294967295,0,0
Block,-32,224,537FA4FF,0,1,1,4294967295,0,0
Block,-32,256,070865ED,0,1,1,4294967295,0,0
Block,-32,288,6DEF95FB,0,1,1,4294967295,0,0
Block,-32,320,8F558222,0,1,1,4294967295,0,0
Block,-32,352,703229C2,0,1,1,4294967295,0,0
Block,-32,384,C539C20C,0,1,1,4294967295,0,0
Block,-32,416,BDFDEF5E,0,1,1,4294967295,0,0
Block,-32,448,B82C5216,0,1,1,4294967295,0,0
Block,-32,480,D82200F9,0,1,1,4294967295,0,0
Block,-32,512,540D59D1,0,1,1,4294967295,0,0
Block,-32,544,4F69FF59,0,1,1,4294967295,0,0
Block,-32,576,47504BBC,0,1,1,4294967295,0,0
objFinalBossReimu,400,0,000028E8,0,1,1,4294967295,0,0
PlayerStart,384,544,A7F67125,0,1,1,4294967295,0,0
