SpikeLeft,800,32,9F913F3C,0,1,1,4294967295,0,1
Block,0,0,6B700D5C,0,1,1,4294967295,0,0
Block,32,0,C5F8DDD0,0,1,1,4294967295,0,0
Block,64,0,86819DB6,0,1,1,4294967295,0,0
Block,96,0,7E29D782,0,1,1,4294967295,0,0
Block,128,0,AF9E3443,0,1,1,4294967295,0,0
Block,160,0,32EB2FFC,0,1,1,4294967295,0,0
Block,192,0,A8DCAB65,0,1,1,4294967295,0,0
Block,224,0,906A8F58,0,1,1,4294967295,0,0
Block,256,0,9DE303ED,0,1,1,4294967295,0,0
Block,288,0,D8202689,0,1,1,4294967295,0,0
Block,320,0,F1BCC87B,0,1,1,4294967295,0,0
Block,352,0,0762BC37,0,1,1,4294967295,0,0
Block,384,0,788BE5D0,0,1,1,4294967295,0,0
Block,416,0,F199F4BA,0,1,1,4294967295,0,0
Block,448,0,D4AD66A2,0,1,1,4294967295,0,0
Block,480,0,F9EF1314,0,1,1,4294967295,0,0
Block,512,0,0C9CBA71,0,1,1,4294967295,0,0
Block,544,0,F3875BEE,0,1,1,4294967295,0,0
Block,576,0,0CD33A65,0,1,1,4294967295,0,0
Block,608,0,6B1D275F,0,1,1,4294967295,0,0
Block,640,0,AE018799,0,1,1,4294967295,0,0
Block,672,0,2C7BF7BD,0,1,1,4294967295,0,0
Block,704,0,C17A31A4,0,1,1,4294967295,0,0
Block,736,0,739A2832,0,1,1,4294967295,0,0
Block,768,0,0BAEB6F5,0,1,1,4294967295,0,0
Block,96,544,7073C5FD,0,1,1,4294967295,0,0
Block,96,576,0537940C,0,1,1,4294967295,0,0
Block,0,32,4E08E28C,0,1,1,4294967295,0,0
Block,0,64,B562CC85,0,1,1,4294967295,0,0
Block,0,96,B111821F,0,1,1,4294967295,0,0
Block,0,128,7E664646,0,1,1,4294967295,0,0
Block,0,160,A59AA1F3,0,1,1,4294967295,0,0
Block,0,192,D1D155DC,0,1,1,4294967295,0,0
Block,0,224,AE470C09,0,1,1,4294967295,0,0
Block,0,256,9AC9E89A,0,1,1,4294967295,0,0
Block,0,288,7F1CE81A,0,1,1,4294967295,0,0
Block,0,320,2A08441D,0,1,1,4294967295,0,0
Block,0,352,468FEE2D,0,1,1,4294967295,0,0
Block,0,384,F5F62252,0,1,1,4294967295,0,0
Block,0,416,98491639,0,1,1,4294967295,0,0
Block,0,448,0899A575,0,1,1,4294967295,0,0
Block,0,480,1E5BD454,0,1,1,4294967295,0,0
Block,0,512,2A153B07,0,1,1,4294967295,0,0
Block,0,544,A9C1E15D,0,1,1,4294967295,0,0
Block,0,576,B275726D,0,1,1,4294967295,0,0
Block,768,576,26F40428,0,1,1,4294967295,0,0
Block,768,544,B7BA3759,0,1,1,4294967295,0,0
Block,768,512,922D5326,0,1,1,4294967295,0,0
Block,768,480,A44F6048,0,1,1,4294967295,0,0
Block,768,448,F9B9C6C5,0,1,1,4294967295,0,0
Block,768,416,6A9BF806,0,1,1,4294967295,0,0
Block,768,384,0DDB8BD7,0,1,1,4294967295,0,0
Block,768,160,76C8A499,0,1,1,4294967295,0,0
Block,768,128,0F1D9303,0,1,1,4294967295,0,0
Block,768,96,AB03E951,0,1,1,4294967295,0,0
Block,768,64,6311488B,0,1,1,4294967295,0,0
Block,768,192,0D1188E7,0,1,1,4294967295,0,0
Block,768,224,9D3331A1,0,1,1,4294967295,0,0
Block,768,256,C0E08342,0,1,1,4294967295,0,0
Block,768,288,8FE8414D,0,1,1,4294967295,0,0
Block,768,320,DF519693,0,1,1,4294967295,0,0
Block,768,352,5CF20EAE,0,1,1,4294967295,0,0
Block,800,64,96EFFF7E,0,1,1,4294967295,0,0
Block,800,96,85D20AD7,0,1,1,4294967295,0,0
Block,800,128,57FCF2D1,0,1,1,4294967295,0,0
Block,800,160,5C3E7CB0,0,1,1,4294967295,0,0
Block,800,192,C880C290,0,1,1,4294967295,0,0
Block,800,224,83FC99B8,0,1,1,4294967295,0,0
Block,800,256,EBD7B2EA,0,1,1,4294967295,0,0
Block,800,288,6AE5D9DF,0,1,1,4294967295,0,0
Block,800,320,B51E7C72,0,1,1,4294967295,0,0
Block,800,352,4C6DFAD4,0,1,1,4294967295,0,0
Block,800,384,BFBE624E,0,1,1,4294967295,0,0
Block,800,416,7174B588,0,1,1,4294967295,0,0
Block,800,448,5CC5FDDE,0,1,1,4294967295,0,0
Block,800,480,147B2E61,0,1,1,4294967295,0,0
Block,800,512,47D528C9,0,1,1,4294967295,0,0
Block,800,544,152538DF,0,1,1,4294967295,0,0
Block,800,576,1C9C0DF7,0,1,1,4294967295,0,0
Block,832,576,7530398D,0,1,1,4294967295,0,0
Block,864,576,A45B08E7,0,1,1,4294967295,0,0
Block,896,576,C229E098,0,1,1,4294967295,0,0
Block,928,576,82CA6D52,0,1,1,4294967295,0,0
Block,960,576,8ACEF168,0,1,1,4294967295,0,0
Block,992,576,72CB83C7,0,1,1,4294967295,0,0
Block,1024,576,9CEFC707,0,1,1,4294967295,0,0
Block,1056,576,4800B768,0,1,1,4294967295,0,0
Block,1088,576,061EFBAD,0,1,1,4294967295,0,0
Block,1120,576,9B61B7A5,0,1,1,4294967295,0,0
Block,1152,576,261DEC12,0,1,1,4294967295,0,0
Block,1184,576,2FAD4457,0,1,1,4294967295,0,0
Block,1216,576,1B78FB1E,0,1,1,4294967295,0,0
Block,1248,576,317E568B,0,1,1,4294967295,0,0
Block,1280,576,5BB1E510,0,1,1,4294967295,0,0
Block,1312,576,F14F728C,0,1,1,4294967295,0,0
Block,1344,576,0617A111,0,1,1,4294967295,0,0
Block,1376,576,2F7897A1,0,1,1,4294967295,0,0
Block,1408,576,879565D3,0,1,1,4294967295,0,0
Block,1440,576,51EB1665,0,1,1,4294967295,0,0
Block,1472,576,B7CD2878,0,1,1,4294967295,0,0
Block,1504,576,562B7223,0,1,1,4294967295,0,0
Block,1536,576,831127B4,0,1,1,4294967295,0,0
Block,1568,576,D78B9651,0,1,1,4294967295,0,0
Block,1568,448,5B4F769F,0,1,1,4294967295,0,0
Block,1568,416,8DA7742C,0,1,1,4294967295,0,0
Block,1568,384,799B1488,0,1,1,4294967295,0,0
Block,1568,352,D3AF3CC1,0,1,1,4294967295,0,0
Block,1568,320,7FEBDD58,0,1,1,4294967295,0,0
Block,1568,288,4622EBF9,0,1,1,4294967295,0,0
Block,1568,256,D1334FC9,0,1,1,4294967295,0,0
Block,1568,224,BCFBB437,0,1,1,4294967295,0,0
Block,1568,192,20EEAA02,0,1,1,4294967295,0,0
Block,1568,160,16489BAB,0,1,1,4294967295,0,0
Block,1568,128,93AAF64F,0,1,1,4294967295,0,0
Block,1568,96,A2688F15,0,1,1,4294967295,0,0
Block,1568,64,983375B2,0,1,1,4294967295,0,0
Block,1568,32,7DD80A9F,0,1,1,4294967295,0,0
Block,1568,0,068C6479,0,1,1,4294967295,0,0
Block,1536,0,C927A1D2,0,1,1,4294967295,0,0
Block,1504,0,B280F1AA,0,1,1,4294967295,0,0
Block,1472,0,9FE85FE7,0,1,1,4294967295,0,0
Block,1440,0,E1342C3E,0,1,1,4294967295,0,0
Block,1408,0,00AAE101,0,1,1,4294967295,0,0
Block,1376,0,996AECE0,0,1,1,4294967295,0,0
Block,1344,0,BAD459D6,0,1,1,4294967295,0,0
Block,1312,0,39D8D011,0,1,1,4294967295,0,0
Block,1280,0,4BCC981A,0,1,1,4294967295,0,0
Block,1248,0,C50342D9,0,1,1,4294967295,0,0
Block,1216,0,D25A77BE,0,1,1,4294967295,0,0
Block,1184,0,823D2BFC,0,1,1,4294967295,0,0
Block,1152,0,546CA3A6,0,1,1,4294967295,0,0
Block,1120,0,306B268E,0,1,1,4294967295,0,0
Block,1088,0,0142BBD6,0,1,1,4294967295,0,0
Block,1056,0,B2142344,0,1,1,4294967295,0,0
Block,800,0,E0EDC43E,0,1,1,4294967295,0,0
Block,832,0,305DC956,0,1,1,4294967295,0,0
Block,864,0,1AB5DC72,0,1,1,4294967295,0,0
Block,896,0,FACECB26,0,1,1,4294967295,0,0
Block,928,0,68B83D4B,0,1,1,4294967295,0,0
Block,960,0,7D63775D,0,1,1,4294967295,0,0
Block,992,0,B73322FB,0,1,1,4294967295,0,0
Block,1024,0,0F853FF8,0,1,1,4294967295,0,0
Platform,32,576,1664AEAA,0,1,1,4294967295,0,0
Platform,64,576,886C3ED7,0,1,1,4294967295,0,0
SaveHard,64,544,EDC5F11B,0,1,1,4294967295,0,0
objPhantomShuriken,96,64,56493AC6,0,1,1,4294967295,0,0
objPhantomShuriken,96,160,79F0F7A0,0,1,1,4294967295,0,0
objPhantomShuriken,96,256,BC633FE4,0,1,1,4294967295,0,0
objPhantomShuriken,96,352,7A3A5687,0,1,1,4294967295,0,0
objPhantomShuriken,96,448,4CBFC9DE,0,1,1,4294967295,0,0
objPhantomShuriken,192,64,777C7997,0,1,1,4294967295,0,0
objPhantomShuriken,192,160,541AF9F9,0,1,1,4294967295,0,0
objPhantomShuriken,192,256,D4EE668E,0,1,1,4294967295,0,0
objPhantomShuriken,192,352,B5ED6B39,0,1,1,4294967295,0,0
objPhantomShuriken,192,448,525F20D1,0,1,1,4294967295,0,0
objPhantomShuriken,288,64,2CF9C1C0,0,1,1,4294967295,0,0
objPhantomShuriken,288,160,56D222E3,0,1,1,4294967295,0,0
objPhantomShuriken,288,256,AD918F37,0,1,1,4294967295,0,0
objPhantomShuriken,288,352,282B9AE7,0,1,1,4294967295,0,0
objPhantomShuriken,288,448,1B630737,0,1,1,4294967295,0,0
objPhantomShuriken,384,64,B618E595,0,1,1,4294967295,0,0
objPhantomShuriken,384,160,6C551095,0,1,1,4294967295,0,0
objPhantomShuriken,384,256,CCEB0868,0,1,1,4294967295,0,0
objPhantomShuriken,384,352,68925870,0,1,1,4294967295,0,0
objPhantomShuriken,384,448,81E74E56,0,1,1,4294967295,0,0
objPhantomShuriken,480,64,CD72E6B7,0,1,1,4294967295,0,0
objPhantomShuriken,480,160,FDBC5DE0,0,1,1,4294967295,0,0
objPhantomShuriken,480,256,D6846C58,0,1,1,4294967295,0,0
objPhantomShuriken,480,352,4AFDEC08,0,1,1,4294967295,0,0
objPhantomShuriken,480,448,E82DF03A,0,1,1,4294967295,0,0
objPhantomShuriken,576,64,5C22010F,0,1,1,4294967295,0,0
objPhantomShuriken,576,160,7BEF2626,0,1,1,4294967295,0,0
objPhantomShuriken,576,256,4D0CC79F,0,1,1,4294967295,0,0
objPhantomShuriken,576,352,36288B96,0,1,1,4294967295,0,0
objPhantomShuriken,576,448,85F54E75,0,1,1,4294967295,0,0
objPhantomShuriken,672,64,C93974BA,0,1,1,4294967295,0,0
objPhantomShuriken,672,160,CC4B95DF,0,1,1,4294967295,0,0
objPhantomShuriken,672,256,AD23F07A,0,1,1,4294967295,0,0
objPhantomShuriken,672,352,FB05D2C3,0,1,1,4294967295,0,0
objPhantomShuriken,672,448,85B48F6C,0,1,1,4294967295,0,0
objPhantomLava,128,560,23200375,0,1,1,4294967295,0,0
objPhantomLava,160,560,2A704D6F,0,1,1,4294967295,0,0
objPhantomLava,192,560,915F990E,0,1,1,4294967295,0,0
objPhantomLava,224,560,BE6C3CE1,0,1,1,4294967295,0,0
objPhantomLava,256,560,284F98CC,0,1,1,4294967295,0,0
objPhantomLava,288,560,7A827FE2,0,1,1,4294967295,0,0
objPhantomLava,320,560,368EADA7,0,1,1,4294967295,0,0
objPhantomLava,352,560,9FB3BF65,0,1,1,4294967295,0,0
objPhantomLava,384,560,CFFA2606,0,1,1,4294967295,0,0
objPhantomLava,416,560,B37652E4,0,1,1,4294967295,0,0
objPhantomLava,448,560,8EA39371,0,1,1,4294967295,0,0
objPhantomLava,480,560,3EC30178,0,1,1,4294967295,0,0
objPhantomLava,512,560,A91072E6,0,1,1,4294967295,0,0
objPhantomLava,544,560,000AE996,0,1,1,4294967295,0,0
objPhantomLava,576,560,F2C2111C,0,1,1,4294967295,0,0
objPhantomLava,608,560,76FA6024,0,1,1,4294967295,0,0
objPhantomLava,640,560,BD649553,0,1,1,4294967295,0,0
objPhantomLava,672,560,48D9623E,0,1,1,4294967295,0,0
objPhantomLava,704,560,60A1DC9A,0,1,1,4294967295,0,0
objPhantomLava,736,560,C1E4CE38,0,1,1,4294967295,0,0
SaveHard,1472,480,CF1515E4,0,3,3,4294967295,0,0
Trigger,768,32,9403D42C,0,1,1,4294967295,0,1
RoomChanger,1600,448,5E819B6C,0,1,5,4294967295,0,1
Platform,128,556,50C475F6,0,20,1.25,4294967295,0,1
PlayerStart,32,544,3D352515,0,1,1,4294967295,0,0
