bTilesColor,96,540,0,224,32,32,0,1,1,4294967295
bTilesColor,128,540,0,224,32,32,0,1,1,4294967295
bTilesColor,160,540,0,224,32,32,0,1,1,4294967295
bTilesColor,192,540,0,224,32,32,0,1,1,4294967295
bTilesColor,224,540,0,224,32,32,0,1,1,4294967295
bTilesColor,256,540,0,224,32,32,0,1,1,4294967295
bTilesColor,288,540,0,224,32,32,0,1,1,4294967295
bTilesColor,320,540,0,224,32,32,0,1,1,4294967295
bTilesColor,352,540,0,224,32,32,0,1,1,4294967295
bTilesColor,384,540,0,224,32,32,0,1,1,4294967295
bTilesColor,416,540,0,224,32,32,0,1,1,4294967295
bTilesColor,448,540,0,224,32,32,0,1,1,4294967295
bTilesColor,480,540,0,224,32,32,0,1,1,4294967295
bTilesColor,512,540,0,224,32,32,0,1,1,4294967295
bTilesColor,544,540,0,224,32,32,0,1,1,4294967295
bTilesColor,576,540,0,224,32,32,0,1,1,4294967295
bTilesColor,608,540,0,224,32,32,0,1,1,4294967295
bTilesColor,640,540,0,224,32,32,0,1,1,4294967295
bTilesColor,672,540,0,224,32,32,0,1,1,4294967295
bTilesColor,704,540,0,224,32,32,0,1,1,4294967295
bTilesColor,736,540,0,224,32,32,0,1,1,4294967295
