Block,0,64,96ECDDD4,0,1,1,4294967295,0,0
Block,32,64,5D8766CE,0,1,1,4294967295,0,0
Block,64,64,6F9A45AF,0,1,1,4294967295,0,0
objRandDestroyer,0,0,356C0DA3,0,3,3,4294967295,0,0
objKTGSwitch,32,0,AA538F1F,0,1,1,4294967295,0,0
SaveHard,32,32,B4A9B38A,0,1,1,4294967295,0,0
objKTGLaserH,96,64,5E47FC1A,0,22,1,4294967295,0,0
objKTGLaserH,0,160,33937BE1,0,25,1,4294967295,0,0
objKTGLaserH,0,256,A1FF5929,0,25,1,4294967295,0,0
objKTGLaserH,0,352,09212911,0,25,1,4294967295,0,0
objKTGLaserV,64,96,6C42D715,0,1,16,4294967295,0,0
objKTGLaserV,160,0,E184566E,0,1,19,4294967295,0,0
objKTGLaserV,256,0,B4C66DA1,0,1,19,4294967295,0,0
objKTGLaserV,352,0,10D35F30,0,1,19,4294967295,0,0
objKTGLaserV,448,0,A66B95CD,0,1,19,4294967295,0,0
objKTGLaserV,544,0,986D1927,0,1,19,4294967295,0,0
objWarpNext,736,544,3CE60B03,0,1,1,4294967295,0,0
objRandController,96,0,1BF6E506,0,1,1,4294967295,0,1
objRandController,128,0,60C58B4B,0,1,1,4294967295,0,1
objKTGLaserV,640,0,D367E50C,0,1,19,4294967295,0,0
objKTGLaserV,736,0,78ACF875,0,1,19,4294967295,0,0
objKTGLaserH,0,448,9BA9026E,0,25,1,4294967295,0,0
objKTGLaserH,0,544,31891466,0,25,1,4294967295,0,0
PlayerStart,32,32,A6E16803,0,1,1,4294967295,0,0
