bTilesFinalStage,32,576,0,0,32,32,0,1,1,4294967295
bTilesFinalStage,64,576,0,0,32,32,0,1,1,4294967295
bTilesFinalStage,96,576,0,0,32,32,0,1,1,4294967295
bTilesFinalStage,128,576,0,0,32,32,0,1,1,4294967295
bTilesFinalStage,160,576,0,0,32,32,0,1,1,4294967295
bTilesFinalStage,192,576,0,0,32,32,0,1,1,4294967295
bTilesFinalStage,224,576,0,0,32,32,0,1,1,4294967295
bTilesFinalStage,256,576,0,0,32,32,0,1,1,4294967295
bTilesFinalStage,288,576,0,0,32,32,0,1,1,4294967295
bTilesFinalStage,320,576,0,0,32,32,0,1,1,4294967295
bTilesFinalStage,352,576,0,0,32,32,0,1,1,4294967295
bTilesFinalStage,384,576,0,0,32,32,0,1,1,4294967295
bTilesFinalStage,416,576,0,0,32,32,0,1,1,4294967295
bTilesFinalStage,448,576,0,0,32,32,0,1,1,4294967295
bTilesFinalStage,480,576,0,0,32,32,0,1,1,4294967295
bTilesFinalStage,512,576,0,0,32,32,0,1,1,4294967295
bTilesFinalStage,544,576,0,0,32,32,0,1,1,4294967295
bTilesFinalStage,576,576,0,0,32,32,0,1,1,4294967295
bTilesFinalStage,608,576,0,0,32,32,0,1,1,4294967295
bTilesFinalStage,800,576,0,0,32,32,0,1,1,4294967295
bTilesFinalStage,768,576,0,0,32,32,0,1,1,4294967295
bTilesFinalStage,736,576,0,0,32,32,0,1,1,4294967295
bTilesFinalStage,704,576,0,0,32,32,0,1,1,4294967295
bTilesFinalStage,672,576,0,0,32,32,0,1,1,4294967295
bTilesFinalStage,640,576,0,0,32,32,0,1,1,4294967295
bTilesFinalStage,832,576,0,0,32,32,0,1,1,4294967295
bTilesFinalStage,864,576,0,0,32,32,0,1,1,4294967295
bTilesFinalStage,896,576,0,0,32,32,0,1,1,4294967295
bTilesFinalStage,928,576,0,0,32,32,0,1,1,4294967295
bTilesFinalStage,960,576,0,0,32,32,0,1,1,4294967295
bTilesFinalStage,992,576,0,0,32,32,0,1,1,4294967295
bTilesFinalStage,1024,576,0,0,32,32,0,1,1,4294967295
bTilesFinalStage,1056,576,0,0,32,32,0,1,1,4294967295
bTilesFinalStage,1088,576,0,0,32,32,0,1,1,4294967295
bTilesFinalStage,1120,576,0,0,32,32,0,1,1,4294967295
bTilesFinalStage,1152,576,0,0,32,32,0,1,1,4294967295
bTilesFinalStage,1184,576,0,0,32,32,0,1,1,4294967295
bTilesFinalStage,1216,576,0,0,32,32,0,1,1,4294967295
bTilesFinalStage,1248,576,0,0,32,32,0,1,1,4294967295
bTilesFinalStage,1280,576,0,0,32,32,0,1,1,4294967295
bTilesFinalStage,1312,576,0,0,32,32,0,1,1,4294967295
bTilesFinalStage,2368,576,0,0,32,32,0,1,1,4294967295
bTilesFinalStage,2336,576,0,0,32,32,0,1,1,4294967295
bTilesFinalStage,2304,576,0,0,32,32,0,1,1,4294967295
bTilesFinalStage,2272,576,0,0,32,32,0,1,1,4294967295
bTilesFinalStage,2240,576,0,0,32,32,0,1,1,4294967295
bTilesFinalStage,2208,576,0,0,32,32,0,1,1,4294967295
bTilesFinalStage,2176,576,0,0,32,32,0,1,1,4294967295
bTilesFinalStage,2144,576,0,0,32,32,0,1,1,4294967295
bTilesFinalStage,2112,576,0,0,32,32,0,1,1,4294967295
bTilesFinalStage,2080,576,0,0,32,32,0,1,1,4294967295
bTilesFinalStage,2048,576,0,0,32,32,0,1,1,4294967295
bTilesFinalStage,2016,576,0,0,32,32,0,1,1,4294967295
bTilesFinalStage,1984,576,0,0,32,32,0,1,1,4294967295
bTilesFinalStage,1952,576,0,0,32,32,0,1,1,4294967295
bTilesFinalStage,1920,576,0,0,32,32,0,1,1,4294967295
bTilesFinalStage,1888,576,0,0,32,32,0,1,1,4294967295
bTilesFinalStage,1856,576,0,0,32,32,0,1,1,4294967295
bTilesFinalStage,1824,576,0,0,32,32,0,1,1,4294967295
bTilesFinalStage,1792,576,0,0,32,32,0,1,1,4294967295
bTilesFinalStage,1760,576,0,0,32,32,0,1,1,4294967295
bTilesFinalStage,1728,576,0,0,32,32,0,1,1,4294967295
bTilesFinalStage,1696,576,0,0,32,32,0,1,1,4294967295
bTilesFinalStage,1664,576,0,0,32,32,0,1,1,4294967295
bTilesFinalStage,1632,576,0,0,32,32,0,1,1,4294967295
bTilesFinalStage,1344,576,0,0,32,32,0,1,1,4294967295
bTilesFinalStage,1376,576,0,0,32,32,0,1,1,4294967295
bTilesFinalStage,1408,576,0,0,32,32,0,1,1,4294967295
bTilesFinalStage,1472,576,0,0,32,32,0,1,1,4294967295
bTilesFinalStage,1504,576,0,0,32,32,0,1,1,4294967295
bTilesFinalStage,1536,576,0,0,32,32,0,1,1,4294967295
bTilesFinalStage,1568,576,0,0,32,32,0,1,1,4294967295
bTilesFinalStage,1600,576,0,0,32,32,0,1,1,4294967295
bTilesFinalStage,1440,576,0,0,32,32,0,1,1,4294967295
bTilesFinalStage,2368,0,32,0,32,32,0,1,1,4294967295
bTilesFinalStage,2336,0,32,0,32,32,0,1,1,4294967295
bTilesFinalStage,2304,0,32,0,32,32,0,1,1,4294967295
bTilesFinalStage,2272,0,32,0,32,32,0,1,1,4294967295
bTilesFinalStage,2240,0,32,0,32,32,0,1,1,4294967295
bTilesFinalStage,2208,0,32,0,32,32,0,1,1,4294967295
bTilesFinalStage,2176,0,32,0,32,32,0,1,1,4294967295
bTilesFinalStage,2144,0,32,0,32,32,0,1,1,4294967295
bTilesFinalStage,2112,0,32,0,32,32,0,1,1,4294967295
bTilesFinalStage,2080,0,32,0,32,32,0,1,1,4294967295
bTilesFinalStage,2048,0,32,0,32,32,0,1,1,4294967295
bTilesFinalStage,2016,0,32,0,32,32,0,1,1,4294967295
bTilesFinalStage,1984,0,32,0,32,32,0,1,1,4294967295
bTilesFinalStage,1952,0,32,0,32,32,0,1,1,4294967295
bTilesFinalStage,1920,0,32,0,32,32,0,1,1,4294967295
bTilesFinalStage,1888,0,32,0,32,32,0,1,1,4294967295
bTilesFinalStage,1856,0,32,0,32,32,0,1,1,4294967295
bTilesFinalStage,1824,0,32,0,32,32,0,1,1,4294967295
bTilesFinalStage,1792,0,32,0,32,32,0,1,1,4294967295
bTilesFinalStage,1760,0,32,0,32,32,0,1,1,4294967295
bTilesFinalStage,1728,0,32,0,32,32,0,1,1,4294967295
bTilesFinalStage,1696,0,32,0,32,32,0,1,1,4294967295
bTilesFinalStage,1664,0,32,0,32,32,0,1,1,4294967295
bTilesFinalStage,1632,0,32,0,32,32,0,1,1,4294967295
bTilesFinalStage,1600,0,32,0,32,32,0,1,1,4294967295
bTilesFinalStage,1568,0,32,0,32,32,0,1,1,4294967295
bTilesFinalStage,1536,0,32,0,32,32,0,1,1,4294967295
bTilesFinalStage,1504,0,32,0,32,32,0,1,1,4294967295
bTilesFinalStage,1472,0,32,0,32,32,0,1,1,4294967295
bTilesFinalStage,1440,0,32,0,32,32,0,1,1,4294967295
bTilesFinalStage,1408,0,32,0,32,32,0,1,1,4294967295
bTilesFinalStage,1376,0,32,0,32,32,0,1,1,4294967295
bTilesFinalStage,1344,0,32,0,32,32,0,1,1,4294967295
bTilesFinalStage,1312,0,32,0,32,32,0,1,1,4294967295
bTilesFinalStage,1280,0,32,0,32,32,0,1,1,4294967295
bTilesFinalStage,1248,0,32,0,32,32,0,1,1,4294967295
bTilesFinalStage,1216,0,32,0,32,32,0,1,1,4294967295
bTilesFinalStage,1184,0,32,0,32,32,0,1,1,4294967295
bTilesFinalStage,1152,0,32,0,32,32,0,1,1,4294967295
bTilesFinalStage,1120,0,32,0,32,32,0,1,1,4294967295
bTilesFinalStage,1088,0,32,0,32,32,0,1,1,4294967295
bTilesFinalStage,1056,0,32,0,32,32,0,1,1,4294967295
bTilesFinalStage,1024,0,32,0,32,32,0,1,1,4294967295
bTilesFinalStage,992,0,32,0,32,32,0,1,1,4294967295
bTilesFinalStage,960,0,32,0,32,32,0,1,1,4294967295
bTilesFinalStage,928,0,32,0,32,32,0,1,1,4294967295
bTilesFinalStage,896,0,32,0,32,32,0,1,1,4294967295
bTilesFinalStage,864,0,32,0,32,32,0,1,1,4294967295
bTilesFinalStage,832,0,32,0,32,32,0,1,1,4294967295
bTilesFinalStage,544,0,32,0,32,32,0,1,1,4294967295
bTilesFinalStage,512,0,32,0,32,32,0,1,1,4294967295
bTilesFinalStage,480,0,32,0,32,32,0,1,1,4294967295
bTilesFinalStage,576,0,32,0,32,32,0,1,1,4294967295
bTilesFinalStage,608,0,32,0,32,32,0,1,1,4294967295
bTilesFinalStage,640,0,32,0,32,32,0,1,1,4294967295
bTilesFinalStage,672,0,32,0,32,32,0,1,1,4294967295
bTilesFinalStage,704,0,32,0,32,32,0,1,1,4294967295
bTilesFinalStage,736,0,32,0,32,32,0,1,1,4294967295
bTilesFinalStage,768,0,32,0,32,32,0,1,1,4294967295
bTilesFinalStage,800,0,32,0,32,32,0,1,1,4294967295
bTilesFinalStage,448,0,32,0,32,32,0,1,1,4294967295
bTilesFinalStage,416,0,32,0,32,32,0,1,1,4294967295
bTilesFinalStage,384,0,32,0,32,32,0,1,1,4294967295
bTilesFinalStage,352,0,32,0,32,32,0,1,1,4294967295
bTilesFinalStage,320,0,32,0,32,32,0,1,1,4294967295
bTilesFinalStage,288,0,32,0,32,32,0,1,1,4294967295
bTilesFinalStage,256,0,32,0,32,32,0,1,1,4294967295
bTilesFinalStage,224,0,32,0,32,32,0,1,1,4294967295
bTilesFinalStage,192,0,32,0,32,32,0,1,1,4294967295
bTilesFinalStage,64,0,32,0,32,32,0,1,1,4294967295
bTilesFinalStage,32,0,32,0,32,32,0,1,1,4294967295
bTilesFinalStage,0,0,32,0,32,32,0,1,1,4294967295
bTilesFinalStage,0,32,32,0,32,32,0,1,1,4294967295
bTilesFinalStage,0,64,32,0,32,32,0,1,1,4294967295
bTilesFinalStage,0,96,32,0,32,32,0,1,1,4294967295
bTilesFinalStage,0,128,32,0,32,32,0,1,1,4294967295
bTilesFinalStage,0,160,32,0,32,32,0,1,1,4294967295
bTilesFinalStage,0,192,32,0,32,32,0,1,1,4294967295
bTilesFinalStage,0,224,32,0,32,32,0,1,1,4294967295
bTilesFinalStage,0,256,32,0,32,32,0,1,1,4294967295
bTilesFinalStage,0,288,32,0,32,32,0,1,1,4294967295
bTilesFinalStage,0,320,32,0,32,32,0,1,1,4294967295
bTilesFinalStage,0,352,32,0,32,32,0,1,1,4294967295
bTilesFinalStage,0,384,32,0,32,32,0,1,1,4294967295
bTilesFinalStage,0,416,32,0,32,32,0,1,1,4294967295
bTilesFinalStage,0,448,32,0,32,32,0,1,1,4294967295
bTilesFinalStage,0,480,32,0,32,32,0,1,1,4294967295
bTilesFinalStage,0,512,32,0,32,32,0,1,1,4294967295
bTilesFinalStage,0,544,32,0,32,32,0,1,1,4294967295
bTilesFinalStage,0,576,32,0,32,32,0,1,1,4294967295
