Block,0,0,789F025C,0,1,1,4294967295,0,0
Block,32,0,435D41A3,0,1,1,4294967295,0,0
Block,64,0,EE74D647,0,1,1,4294967295,0,0
Block,192,0,A9109B73,0,1,1,4294967295,0,0
Block,224,0,9D584FA8,0,1,1,4294967295,0,0
Block,256,0,FD4B5D14,0,1,1,4294967295,0,0
Block,288,0,1EE1EDD2,0,1,1,4294967295,0,0
Block,320,0,787946EE,0,1,1,4294967295,0,0
Block,352,0,C3BDF6EA,0,1,1,4294967295,0,0
Block,0,32,386C56BD,0,1,1,4294967295,0,0
Block,0,64,6E5CAC02,0,1,1,4294967295,0,0
Block,0,96,C9292671,0,1,1,4294967295,0,0
Block,0,128,EAB30B76,0,1,1,4294967295,0,0
Block,0,160,C788DFBA,0,1,1,4294967295,0,0
Block,0,192,74BC7ACF,0,1,1,4294967295,0,0
Block,0,224,435B5A22,0,1,1,4294967295,0,0
Block,0,256,988D2077,0,1,1,4294967295,0,0
Block,0,288,46F0D40D,0,1,1,4294967295,0,0
Block,0,320,A927631A,0,1,1,4294967295,0,0
Block,0,352,F1D0217A,0,1,1,4294967295,0,0
Block,0,384,41AB620D,0,1,1,4294967295,0,0
Block,0,416,76A95119,0,1,1,4294967295,0,0
Block,0,448,04EE3CAD,0,1,1,4294967295,0,0
Block,0,480,032ACE5D,0,1,1,4294967295,0,0
Block,0,512,55A89402,0,1,1,4294967295,0,0
Block,0,544,9E1C35EF,0,1,1,4294967295,0,0
Block,0,576,775C1217,0,1,1,4294967295,0,0
Block,32,576,FF408410,0,1,1,4294967295,0,0
Block,64,576,9229E546,0,1,1,4294967295,0,0
Block,96,576,DB74A090,0,1,1,4294967295,0,0
Block,128,576,94FBBCE1,0,1,1,4294967295,0,0
Block,160,576,9F19A66A,0,1,1,4294967295,0,0
Block,192,576,F310FE90,0,1,1,4294967295,0,0
Block,352,576,0CC41E73,0,1,1,4294967295,0,0
Block,320,576,5B8DB556,0,1,1,4294967295,0,0
Block,288,576,12A0393A,0,1,1,4294967295,0,0
Block,256,576,B12BFF68,0,1,1,4294967295,0,0
Block,224,576,E3533613,0,1,1,4294967295,0,0
Block,384,0,5565AF63,0,1,1,4294967295,0,0
Block,416,0,F77513F7,0,1,1,4294967295,0,0
Block,448,0,DAF363BB,0,1,1,4294967295,0,0
Block,480,0,6381A354,0,1,1,4294967295,0,0
Block,512,0,B342D283,0,1,1,4294967295,0,0
Block,544,0,8222F815,0,1,1,4294967295,0,0
Block,576,0,14B1996A,0,1,1,4294967295,0,0
Block,608,0,60C3A83D,0,1,1,4294967295,0,0
Block,640,0,DA631468,0,1,1,4294967295,0,0
Block,672,0,BB2138D4,0,1,1,4294967295,0,0
Block,384,576,30AD2132,0,1,1,4294967295,0,0
Block,416,576,DF2F3852,0,1,1,4294967295,0,0
Block,448,576,4EBDE1CB,0,1,1,4294967295,0,0
Block,480,576,82FC0E4C,0,1,1,4294967295,0,0
Block,512,576,73BDEE96,0,1,1,4294967295,0,0
Block,672,576,1EDFD34F,0,1,1,4294967295,0,0
Block,640,576,9E830C5B,0,1,1,4294967295,0,0
Block,608,576,3EE389F7,0,1,1,4294967295,0,0
Block,576,576,DDF64DEB,0,1,1,4294967295,0,0
Block,544,576,E381EB01,0,1,1,4294967295,0,0
Block,704,0,D641E270,0,1,1,4294967295,0,0
Block,736,0,69B906DD,0,1,1,4294967295,0,0
Block,768,0,30A62451,0,1,1,4294967295,0,0
Block,800,0,28A3D4E3,0,1,1,4294967295,0,0
Block,832,0,F17F6BB7,0,1,1,4294967295,0,0
Block,864,0,D404A634,0,1,1,4294967295,0,0
Block,896,0,2706F10D,0,1,1,4294967295,0,0
Block,928,0,2A6B32C0,0,1,1,4294967295,0,0
Block,960,0,D6B10646,0,1,1,4294967295,0,0
Block,992,0,B5EDA9D3,0,1,1,4294967295,0,0
Block,704,576,0E9BAEDD,0,1,1,4294967295,0,0
Block,736,576,4F5F7AA1,0,1,1,4294967295,0,0
Block,768,576,C9D5AB6A,0,1,1,4294967295,0,0
Block,800,576,671052B0,0,1,1,4294967295,0,0
Block,832,576,E9179BC5,0,1,1,4294967295,0,0
Block,992,576,50F82320,0,1,1,4294967295,0,0
Block,960,576,1DD5BE17,0,1,1,4294967295,0,0
Block,928,576,691DF55E,0,1,1,4294967295,0,0
Block,896,576,B023D580,0,1,1,4294967295,0,0
Block,864,576,5B24C636,0,1,1,4294967295,0,0
Block,1024,0,D1C63A68,0,1,1,4294967295,0,0
Block,1056,0,B2E7C6A3,0,1,1,4294967295,0,0
Block,1088,0,12B8CED2,0,1,1,4294967295,0,0
Block,1120,0,8684EC2A,0,1,1,4294967295,0,0
Block,1152,0,B0D9A21F,0,1,1,4294967295,0,0
Block,1184,0,7B341AE2,0,1,1,4294967295,0,0
Block,1216,0,7FE67424,0,1,1,4294967295,0,0
Block,1248,0,787B10A2,0,1,1,4294967295,0,0
Block,1024,576,55680607,0,1,1,4294967295,0,0
Block,1056,576,057E4BBD,0,1,1,4294967295,0,0
Block,1088,576,E4DB6E08,0,1,1,4294967295,0,0
Block,1248,576,F1C1DEC6,0,1,1,4294967295,0,0
Block,1216,576,F61CCDB1,0,1,1,4294967295,0,0
Block,1184,576,34918F26,0,1,1,4294967295,0,0
Block,1152,576,89E09CB7,0,1,1,4294967295,0,0
Block,1120,576,041FC22B,0,1,1,4294967295,0,0
Block,1280,0,B76607B4,0,1,1,4294967295,0,0
Block,1312,0,D42C52AE,0,1,1,4294967295,0,0
Block,1344,0,E5898681,0,1,1,4294967295,0,0
Block,1376,0,1B849C84,0,1,1,4294967295,0,0
Block,1408,0,6A334D80,0,1,1,4294967295,0,0
Block,1440,0,34750D05,0,1,1,4294967295,0,0
Block,1472,0,8D53507C,0,1,1,4294967295,0,0
Block,1504,0,B300CB48,0,1,1,4294967295,0,0
Block,1536,0,9E7C946C,0,1,1,4294967295,0,0
Block,1568,0,D87FFE9B,0,1,1,4294967295,0,0
Block,1280,576,B10A9597,0,1,1,4294967295,0,0
Block,1312,576,C1F70F07,0,1,1,4294967295,0,0
Block,1344,576,CD359685,0,1,1,4294967295,0,0
Block,1376,576,6BA681CF,0,1,1,4294967295,0,0
Block,1408,576,619359C7,0,1,1,4294967295,0,0
Block,1568,576,5C700CC6,0,1,1,4294967295,0,0
Block,1536,576,F2AD4A03,0,1,1,4294967295,0,0
Block,1504,576,ED3726CF,0,1,1,4294967295,0,0
Block,1472,576,670F3BDA,0,1,1,4294967295,0,0
Block,1440,576,E4566405,0,1,1,4294967295,0,0
Block,1600,0,222E6EEF,0,1,1,4294967295,0,0
Block,1632,0,B1003DD8,0,1,1,4294967295,0,0
Block,1664,0,3C8A5274,0,1,1,4294967295,0,0
Block,1696,0,2AF7DCA5,0,1,1,4294967295,0,0
Block,1728,0,F13EEAEF,0,1,1,4294967295,0,0
Block,1760,0,528746D7,0,1,1,4294967295,0,0
Block,1792,0,285A4E20,0,1,1,4294967295,0,0
Block,1824,0,E8531AD8,0,1,1,4294967295,0,0
Block,1856,0,D06E90FE,0,1,1,4294967295,0,0
Block,1888,0,90C1A6D7,0,1,1,4294967295,0,0
Block,1600,576,5DF33B70,0,1,1,4294967295,0,0
Block,1632,576,6C3FC52B,0,1,1,4294967295,0,0
Block,1664,576,0DAA8A9D,0,1,1,4294967295,0,0
Block,1696,576,8D98EE84,0,1,1,4294967295,0,0
Block,1728,576,8CF2DAAF,0,1,1,4294967295,0,0
Block,1888,576,28D3B7BF,0,1,1,4294967295,0,0
Block,1856,576,64B96C66,0,1,1,4294967295,0,0
Block,1824,576,855A75C8,0,1,1,4294967295,0,0
Block,1792,576,522058FD,0,1,1,4294967295,0,0
Block,1760,576,D63A97D0,0,1,1,4294967295,0,0
Block,1920,0,CCBD72DB,0,1,1,4294967295,0,0
Block,1952,0,3507D00C,0,1,1,4294967295,0,0
Block,1984,0,2D515B94,0,1,1,4294967295,0,0
Block,2016,0,81F0225C,0,1,1,4294967295,0,0
Block,2048,0,9DE54432,0,1,1,4294967295,0,0
Block,2080,0,635298DA,0,1,1,4294967295,0,0
Block,2112,0,12952182,0,1,1,4294967295,0,0
Block,2144,0,5E494350,0,1,1,4294967295,0,0
Block,2176,0,288A30BB,0,1,1,4294967295,0,0
Block,2208,0,57A34589,0,1,1,4294967295,0,0
Block,2240,0,190663BF,0,1,1,4294967295,0,0
Block,2272,0,E307A886,0,1,1,4294967295,0,0
Block,2304,0,8E20EF8D,0,1,1,4294967295,0,0
Block,2336,0,40D46071,0,1,1,4294967295,0,0
Block,2368,0,B5FB62D8,0,1,1,4294967295,0,0
Block,2368,576,310B133A,0,1,1,4294967295,0,0
Block,2336,576,7A39F566,0,1,1,4294967295,0,0
Block,2304,576,266DC850,0,1,1,4294967295,0,0
Block,2272,576,9B788782,0,1,1,4294967295,0,0
Block,2240,576,9749D39F,0,1,1,4294967295,0,0
Block,2208,576,7BA424F2,0,1,1,4294967295,0,0
Block,2176,576,BF8B1844,0,1,1,4294967295,0,0
Block,2144,576,4AF27867,0,1,1,4294967295,0,0
Block,2112,576,5ED1E6E5,0,1,1,4294967295,0,0
Block,2080,576,DB8F1C65,0,1,1,4294967295,0,0
Block,2048,576,052032D3,0,1,1,4294967295,0,0
Block,2016,576,700CA602,0,1,1,4294967295,0,0
Block,1984,576,B0234F6D,0,1,1,4294967295,0,0
Block,1952,576,1201705F,0,1,1,4294967295,0,0
Block,1920,576,E4BE90D4,0,1,1,4294967295,0,0
Block,64,-32,14978222,0,1,1,4294967295,0,0
Block,96,-32,74785FF0,0,1,1,4294967295,0,0
Block,128,-32,26518B4F,0,1,1,4294967295,0,0
Block,160,-32,7A51E3A4,0,1,1,4294967295,0,0
Block,192,-32,E05D24A5,0,1,1,4294967295,0,0
objRandDestroyer,96,0,C2894D53,0,3,3,4294967295,0,0
objKamilia1Moon,1376,320,00317DD2,0,1,1,4294967295,0,0
objRandController,32,32,A3D4862B,0,1,1,4294967295,0,1
objKamiliaWarp,2400,0,66E0C047,0,1,19,4294967295,0,0
Camera,64,32,003E1EE7,0,1,1,4294967295,0,1
PlayerStart,128,0,C38C611B,0,1,1,4294967295,0,0
Water,0,0,90EEB5EF,0,1,1,4294967295,0,1
